ID stanice;mesic detekce;druhy z roku detekce;hodnota rozdilu teplot
1;1;2018;8.91935
1;3;2018;4.3129
1;3;2019;4.01935
1;4;2018;6.66
1;5;2019;5.86129
1;6;2020;4.65667
1;7;2021;2.12903
1;8;2015;5.46774
1;8;2016;4.64516
1;9;2023;4.68667
1;11;2020;3.70333
1;12;2016;3.86129
2;1;1988;11.229
2;2;1966;10.4143
2;4;1983;5.26333
2;5;1987;4.18065
2;5;1992;4.30323
2;7;1984;4.57742
2;10;1966;6.36129
2;12;1986;5.9129
3;3;1972;4.42258
3;3;1977;4.69677
3;5;1979;3.67742
3;6;1979;4.20667
3;7;1975;2.64194
3;8;1971;3.47484
3;8;1976;2.79677
3;9;1976;4.45333
3;10;1975;2.94516
4;1;1988;11.0065
4;1;2007;10.2613
4;4;2018;7.14
4;10;1966;6.21613
387;1;2020;3.87097
387;2;2021;4.57956
387;2;2022;3.45
387;4;2021;3.72667
387;6;2020;3.76
387;7;2021;2.1
387;8;2022;2.49355
387;9;2023;4.34
387;10;2022;2.3
387;11;2019;2.36333
387;11;2020;2.77667
387;12;2021;2.84839
397;1;2020;5.07742
397;2;2021;3.30062
397;4;2021;4.13667
397;5;2022;2.99032
397;6;2020;4.79
397;7;2021;1.71613
397;8;2021;2.8
397;8;2022;2.77419
397;9;2023;5.80333
397;10;2022;3.00645
397;12;2021;2.43226
7;2;1966;8.4
7;3;1962;6.08387
7;3;1977;6.44194
7;5;1970;3.65484
7;10;1966;6.3871
407;2;2021;4.75813
407;2;2022;3.58929
407;6;2020;4.11333
407;7;2021;2.32258
407;8;2021;2.22903
407;8;2022;2.85806
407;9;2023;4.46333
407;11;2020;3.37
407;11;2023;2.85
407;12;2021;2.85484
8;1;1988;10.9806
8;1;2007;10.7581
8;4;2018;6.62333
8;5;2019;5.79032
8;10;1966;6.13548
9;1;1988;9.86129
9;1;2007;10.4258
9;3;1962;6.32903
9;3;2014;6.67097
9;5;2019;5.50968
9;7;1984;4.68387
9;10;1966;6.02258
9;11;2008;9.05167
10;1;2018;8.88387
10;3;2014;5.87419
10;3;2018;4.43871
10;4;2018;6.44
10;5;2019;5.57419
10;6;2020;4.11333
10;8;2015;5.24194
10;8;2016;4.7
10;9;2023;4.23
10;11;2012;3.79667
10;12;2013;3.30968
10;12;2016;3.82258
395;1;2006;6.19032
395;2;2003;7.77143
395;4;2001;4.13333
395;5;2004;3.47419
395;9;2000;4.35667
395;12;2001;5.80968
12;1;1963;8.00645
12;2;1966;8.39286
12;3;1962;6.8129
12;7;1963;2.84194
12;7;1967;2.48065
12;7;1968;2.40645
12;9;1962;2.98667
12;10;1966;5.49032
13;1;1988;10.2065
13;1;2007;10.8065
13;3;2014;6.89032
13;5;2019;5.57419
13;10;1966;5.76774
405;1;2018;7.46129
405;3;2014;6.48065
405;4;2018;6.58333
405;5;2019;5.76129
405;6;2020;3.96
405;7;2021;2.60323
405;8;2015;5.29677
405;8;2016;4.88387
405;9;2023;4.59333
405;11;2020;3.55
405;12;2016;4.25161
14;1;2007;8.6871
14;2;1966;8.98571
14;3;1977;6.40323
14;12;2001;6.15161
15;2;1966;8.17857
15;3;1962;6.72258
15;3;1977;5.60645
15;8;1976;2.67419
15;10;1966;6.02903
415;1;1988;8.95806
415;3;2013;6.96452
415;3;2014;7.40645
415;5;1992;5.46129
415;7;1984;5.41935
415;7;1994;5.38387
415;8;2015;5.26129
415;11;1994;6.14333
415;11;1995;5.22667
16;1;1983;9.51935
16;1;1988;9.96452
16;5;2019;5.44839
16;7;1984;5.17419
16;8;2015;5.49677
16;9;2023;4.36667
16;12;1980;4.09677
17;1;1988;9
17;2;1966;10.6214
17;3;2014;8.12903
409;3;1962;6.18065
409;3;1977;5.72581
409;6;1965;2.94667
409;10;1966;4.99677
409;11;1995;5.23333
18;1;2007;10.7677
18;1;2018;9.79032
18;2;1996;8.21293
18;2;2003;8.27857
18;3;2007;5.83548
18;5;2019;5.30645
18;8;2015;4.63226
18;8;2016;4.12903
18;11;2001;6.97667
18;12;2001;7.49032
19;1;1988;10.3581
19;1;2007;9.99355
19;5;2019;6.15161
19;10;1966;6.78065
403;1;2019;4.43548
403;2;2019;6.58214
403;3;2019;4.64516
403;5;2019;5.23548
403;6;2019;4.43667
403;6;2020;4.59
403;7;2021;2.22581
403;9;2023;5.68
403;10;2022;2.45484
403;11;2020;3.70667
403;12;2021;2.66129
20;1;1988;9.55484
20;1;2007;9.33226
20;2;1966;9.71786
20;5;2019;5.37097
20;7;1984;4.27742
20;7;2001;4.44516
20;12;2001;7.07742
21;1;1988;10.7935
21;1;2007;11.1484
21;5;2019;5.33548
21;7;1984;4.45484
21;10;1966;7.48065
413;1;1988;9.30323
413;5;1991;4.52581
413;5;1992;5.07097
413;6;1979;3.83667
413;6;1992;3.48333
413;7;1984;5.01935
22;1;1988;11.2871
22;1;2007;10.0419
22;2;1966;9.90357
22;3;1977;6.77419
22;7;1996;4.35806
22;10;1966;7.19355
23;1;1988;10.7968
23;2;1996;9.64692
23;4;1983;4.65667
23;9;2023;4.93333
23;10;1966;6.95161
487;1;2007;9.22258
487;3;1962;6.86129
487;3;2013;7.29032
487;3;2014;7.78387
487;5;2019;5.83226
487;8;2015;5.34516
487;10;1966;5.36129
487;11;1994;5.98667
24;2;1966;8.87857
24;3;1962;6.19032
24;3;1977;6.27742
24;7;1984;4.87419
24;10;1966;7.47097
24;11;1985;6.93789
481;3;2013;7.43871
481;3;2014;8.64194
481;11;1994;5.96
27;1;1988;10.3742
27;2;1996;8.35677
27;4;1998;5.37667
27;7;1984;4.20323
27;7;1994;3.71936
27;7;1996;3.84516
27;10;1997;4.35806
27;11;1988;5.44
27;12;1997;5.92581
28;1;2007;10.6355
28;2;1991;8.67143
28;2;1996;9.14409
28;5;2019;5.68387
28;7;1984;5.08065
28;7;1994;4.37419
28;7;1996;4.74194
28;8;2015;5.3129
28;12;1997;6.0129
28;12;2011;6.46129
29;1;1988;8.85484
29;1;2007;9.42581
29;3;2014;7.42258
29;7;1984;5.37097
485;1;2007;8.00968
485;1;2018;6.3
485;2;1991;8.21071
485;2;2003;6.85357
485;2;2019;6.90357
485;3;2013;7.24839
485;3;2014;8.51935
485;4;2018;6.1
485;7;1994;5.60645
485;7;1996;5.58065
485;8;2015;5.25806
485;8;2016;4.23548
485;11;1994;5.64
30;1;1979;3.92581
30;2;1978;3.56429
30;3;1977;5.76452
30;4;1977;2.57
30;5;1980;4.04839
30;6;1979;3.21
30;6;1980;3.35
30;9;1976;4.97
30;11;1978;2.79333
30;12;1979;3.59032
31;1;1983;8.30645
31;3;1962;6.29032
31;3;1977;6.05484
31;5;1980;3.40645
31;5;1981;2.75484
31;7;1984;5.15806
431;1;2018;7.73226
431;2;2021;5.73202
431;2;2022;5.47857
431;3;2018;4.62581
431;3;2019;4.40323
431;6;2020;4.38667
431;7;2018;1.97419
431;9;2017;4.60667
431;9;2023;4.17667
32;1;1988;8.41935
32;1;2007;8.77419
32;3;2014;6.72258
32;8;2015;5.32258
33;1;1988;8.2129
33;1;2007;8.99677
33;2;1991;7.3
33;2;1996;7.45702
33;2;2003;6.60357
33;3;2014;6.67097
33;5;2019;6.25484
33;7;1994;4.56774
33;8;2015;5.6
33;12;1997;5.39032
33;12;2011;5.5129
425;1;1988;9.57097
425;1;2007;9.89677
425;5;1992;4.86129
425;11;1994;5.61
425;11;1995;4.97667
34;3;1977;5.91613
34;4;1974;1.54667
34;4;1977;1.57333
34;8;1972;3.12581
34;9;1976;3.99
34;11;1976;2.95333
34;12;1979;3.39677
419;3;1962;6.56129
419;3;2013;6.79677
419;3;2014;7.39677
419;11;1994;6.03333
36;1;2007;8.59677
36;2;1996;7.64704
36;2;2003;6.94286
36;3;2007;5.04194
36;5;2004;3.61613
36;6;2004;3.79
36;7;1996;4.16452
36;10;2002;4.52258
36;11;1994;4.46667
36;12;1997;5.63871
37;3;2014;7.65161
37;8;2015;5.68065
37;12;1997;5.77419
429;1;2007;10.6613
429;2;1996;8.51564
429;2;1997;6.57635
429;2;2003;8.49643
429;5;2004;3.46774
429;6;2004;3.53
429;11;1995;4.96
429;11;2007;4.34333
429;12;1997;6.82903
38;1;2007;10.0194
38;2;1996;8.54409
38;2;2003;7.48571
38;3;2014;6.55806
38;3;2018;5.7129
38;5;2019;5.74516
38;7;1996;4.7129
38;8;2015;5.49032
38;11;1994;5.06333
38;12;1997;6.08387
38;12;2011;6.53548
39;1;2018;7.36129
39;3;2013;5.85806
39;3;2014;7.54194
39;3;2018;5.71935
39;4;2018;6.65333
39;5;2019;6.02258
39;6;2020;4.94333
39;8;2015;6.40968
39;9;2017;4.52667
39;9;2023;5.42
39;11;2012;3.39
39;12;2012;3.51935
439;1;2000;3.29355
439;1;2003;3.18065
439;3;1997;4.20323
439;4;1998;5.21
439;5;2004;5.02581
439;6;2004;4.29667
439;7;1996;5.3871
439;12;2001;4.69677
40;2;1991;8.1
40;4;1983;3.70333
40;5;1987;4.16129
40;5;1991;4.14839
40;7;1984;4.85161
40;9;1976;3.72667
40;11;1985;4.54
40;11;1988;4.43333
40;12;1980;3.83548
41;1;1988;8.99677
41;1;2007;8.90968
41;4;2018;5.98667
41;5;2019;5.67742
41;8;2015;5.55806
41;9;2023;4.62333
433;1;2021;3.8
433;3;2022;1.04194
433;4;2021;4.94667
433;5;2022;4.07097
433;6;2021;2.69333
433;7;2021;1.34194
433;8;2021;3.6
433;8;2022;4.24194
433;9;2023;5.68667
433;10;2022;3.23226
433;12;2021;1.89032
43;2;1966;9
43;3;1962;6.80968
43;4;2018;5.46667
43;5;2019;5.3871
43;8;2015;4.95806
43;9;1962;3.35
43;9;2017;3.44333
43;9;2023;3.98667
43;10;1966;5.07419
427;1;1988;7.37742
427;2;1966;8.575
427;2;1991;7.85357
427;3;1977;6.66774
427;6;1992;4.45
427;7;1984;5.97742
44;2;1966;9.13571
44;8;2015;6.10645
44;11;1994;5.65667
44;11;1995;5.21333
45;1;2018;8.10968
45;3;2013;4.64516
45;3;2014;6.05806
45;3;2018;5.42903
45;4;2018;5.69333
45;5;2019;5.34194
45;6;2020;4.08
45;8;2015;5.29355
45;9;2023;4.1
45;11;2011;4.55333
45;12;2011;6.23226
437;1;2018;6.33226
437;3;2013;5.12903
437;3;2014;6.78387
437;5;2019;6.18387
437;7;2011;3.08065
437;8;2015;4.65806
437;8;2016;4.96452
437;9;2023;3.80667
437;12;2011;7.6129
46;1;2007;9.06129
46;3;2014;7.34839
46;7;1984;5.75484
46;7;1996;5.28387
46;11;1994;5.28333
447;1;1988;9.10968
447;2;1966;9.12857
447;3;1962;6.72903
447;5;1992;5.16774
447;11;1994;5.78
447;11;1995;5.38667
48;1;2007;10.3323
48;2;1996;9.09433
48;3;1962;6.82903
48;5;2019;5.39677
48;7;1984;4.85161
48;10;1966;6.20968
48;12;2011;6.35484
49;1;2007;10.5774
49;2;2003;7.63214
49;2;2007;6.625
49;3;2007;5.03548
49;4;2001;5.32348
49;5;2004;3.6129
49;6;2004;3.81667
49;9;2007;3.36333
49;9;2011;2.85333
49;11;2001;4.69
49;11;2002;3.74333
49;11;2006;3.64667
49;11;2007;4.20333
49;11;2008;3.71
49;11;2011;3.88
49;11;2012;3.86667
49;12;2011;5.8871
441;1;1988;9.68387
441;1;2007;9.16452
441;3;2013;6.28387
441;3;2014;7.3871
441;5;2019;6.50968
441;7;1994;6.38064
441;8;2015;5.96452
50;2;1991;7.58214
50;2;1992;6.36404
50;2;1996;7.94323
50;4;1998;4.68
50;5;1992;4.52258
50;6;1992;2.61333
50;7;1994;3.83226
50;7;1996;4.0871
50;8;1992;4.12258
50;8;1993;3.9871
50;10;1995;3.66452
50;10;1997;3.43226
50;11;1988;4.7
50;11;1994;4.18667
50;11;1995;4.48667
50;11;1996;4.29667
50;12;1997;5.72903
51;2;1966;8.69643
51;3;2014;6.80968
51;4;2018;6.4
51;5;2019;5.73548
51;8;2015;5.54839
51;11;1994;5.31667
51;11;1995;4.92333
52;1;1983;8.16774
52;2;1966;9.075
52;3;1962;6.76774
52;3;1977;6.1129
52;5;1971;4.33871
52;7;1967;3.36452
52;10;1966;5.94516
435;1;2007;8.08065
435;1;2018;7.20968
435;2;1996;7.45739
435;2;2003;7.325
435;3;2013;6.2
435;3;2014;8.07742
435;5;2019;6.07419
435;8;2015;6.22258
435;12;2011;6.91935
53;2;1966;8.59643
53;3;1962;5.88387
53;3;1977;5.62258
53;5;1970;3.79677
53;5;1971;3.23871
53;6;1979;3.34
53;10;1966;6.06129
54;1;1988;8.84839
54;2;1966;9.57857
54;3;2014;7.96129
54;4;2018;7.27667
54;8;2015;6.02581
445;1;1988;8.3
445;2;1966;7.77143
445;3;1977;6.47419
445;5;1991;5.29355
445;7;1984;5.92903
55;1;2007;9.72258
55;1;2018;7.76774
55;3;2007;5.14516
55;3;2013;5.16452
55;3;2014;6.82903
55;3;2018;5.20968
55;4;2018;6.00333
55;5;2019;5.51613
55;6;2004;4.01
55;8;2015;5.43871
55;9;2007;3.99333
55;9;2023;4.78333
55;10;2002;4.60968
55;11;2002;4.33667
55;11;2007;4.19333
55;11;2008;4.35333
55;11;2011;4.25333
55;12;2011;5.74839
391;1;2019;3.57742
391;2;2019;6.34286
391;3;2019;4.95484
391;5;2019;5.4871
391;6;2019;3.92333
391;6;2020;4.75667
391;7;2021;2.25161
391;9;2023;4.94
391;11;2020;3.19
391;12;2021;2.45806
57;1;2007;10.0194
57;3;1962;6.04839
57;3;2014;6.09032
57;4;2018;6.13667
57;5;2019;5.69355
57;10;1966;6.05161
385;1;2019;3.63226
385;2;2019;5.95
385;3;2019;4.96129
385;5;2019;5.13548
385;6;2019;3.82
385;6;2020;4.87
385;7;2021;2.22581
385;9;2023;4.53667
385;11;2019;2.43333
385;11;2020;2.71667
385;12;2021;2.46129
60;2;1966;8.94643
60;3;2014;7.44194
60;5;2019;5.96129
60;8;2015;5.73548
60;11;1994;5.11667
443;1;2007;10.2194
443;3;1962;6.22581
443;3;2014;6.7129
443;5;2019;5.65161
443;8;2015;5.32258
443;10;1966;6.18065
61;2;1966;9.60357
61;3;1962;6.31613
61;3;1977;6.5871
61;10;1966;6.19032
62;1;1983;8.45484
62;3;1962;6.1129
62;3;1977;5.73548
62;4;1983;4.18667
62;5;1992;4.45806
62;7;1984;5.06774
62;10;1966;5.77097
389;1;2019;3.56452
389;2;2019;6.32143
389;3;2019;5.04839
389;5;2019;5.3129
389;6;2019;3.99333
389;6;2020;5.07
389;7;2021;2.38387
389;9;2023;4.69333
389;11;2019;2.54667
389;11;2020;3.13667
389;12;2021;2.49677
64;1;2007;9.6129
64;3;2014;6.60968
64;4;2018;5.76
64;5;2019;5.86774
64;12;1997;5.86774
64;12;2011;5.8
65;1;2007;9.01935
65;1;2018;7.4871
65;2;1991;7.28929
65;2;1996;8.1532
65;2;2003;7.90714
65;3;2014;6.5129
65;7;1994;4.90968
65;7;1996;4.5129
65;8;2015;5.82258
65;10;2002;4.88387
66;1;2007;8.74516
66;2;1966;8.7
66;7;1984;5.02581
66;10;1966;5.6871
457;1;1988;8.94839
457;1;2007;8.96129
457;2;1966;9.3
457;7;1994;5.43871
457;8;2015;5.67419
67;1;2007;9.97419
67;2;1996;8.20739
67;7;1984;5.07097
67;10;1966;5.57097
68;1;2018;7.24194
68;3;2018;5.40645
68;3;2019;4.59677
68;4;2018;6.06
68;5;2019;5.77742
68;6;2020;4.17333
68;7;2021;1.88065
68;9;2023;5.07
68;11;2020;2.96667
451;2;1996;8.18214
451;2;1997;6.27143
451;8;1997;2.18065
451;10;1995;3.75484
451;11;1995;4.88667
451;11;1996;4.28333
451;12;1997;5.94194
69;1;1988;8.40968
69;2;1987;6.12143
69;3;1987;4.68387
69;4;1983;4.20333
69;5;1987;4.20323
69;5;1988;3.68065
69;6;1986;2.52333
69;7;1984;5.19677
69;8;1988;2.37097
69;10;1984;1.20645
69;10;1985;1.49355
69;11;1985;3.97333
69;11;1986;3.43
69;11;1988;3.90333
69;12;1982;3.62258
461;1;1988;8.70323
461;5;1987;4.53871
461;5;1992;4.47742
461;11;1994;6.19667
461;11;1995;4.68667
461;12;1997;6.37097
71;1;2007;8.67419
71;1;2018;8.30968
71;2;2003;9.07143
71;3;2013;4.09677
71;3;2014;4.09677
71;3;2019;4.11613
71;4;2018;4.88667
71;5;2019;5.01935
71;8;2015;4.40323
71;10;2022;3.7
72;3;1962;6.10645
72;5;1970;4.20968
72;10;1966;5.53226
471;1;2007;9.91935
471;2;1991;7.01071
471;2;1992;6.14409
471;2;1996;7.43818
471;2;1997;6.43103
471;2;2003;7.23571
471;5;1991;4.62581
471;5;1992;5.0871
471;7;1994;4.96129
471;7;1996;4.72903
471;11;1994;6.00667
471;11;1995;4.90333
73;1;2007;9.59032
73;1;2018;7.65806
73;2;1996;8.4569
73;2;2003;8.88214
73;5;2004;4.45484
73;5;2019;5.26774
73;7;1996;4.06452
73;8;2015;4.31935
73;11;1995;5.71
74;1;2007;9.55806
74;7;1984;4.1
74;7;1994;4.49677
74;7;1996;4.52903
74;11;1995;5.18333
74;12;2011;7.26129
465;1;2007;9.90968
465;3;1962;6.46452
465;3;2013;6.20645
465;3;2014;6.55161
465;5;2019;6.15806
465;8;2015;5.26452
465;10;1966;6.20323
465;11;1994;5.87667
75;2;1966;9.78571
75;4;2018;7.04
75;7;1984;5.4871
75;7;1994;5.83871
75;8;2015;6.18065
75;11;1985;5.80333
75;11;1986;5.94667
75;11;1994;5.88333
76;1;2007;9.18065
76;1;2018;7.89355
76;2;1996;8.23448
76;2;2003;8.86071
76;3;1997;7.01935
76;5;2019;5.03548
76;7;1996;4.17097
76;11;1993;5.76333
76;11;1994;7.45
76;11;1995;7.23
459;1;2007;9.82258
459;1;2018;8.07419
459;2;1991;7.85714
459;2;1996;8.183
459;2;2003;8.43929
459;3;2013;6.5129
459;3;2014;7.43548
459;7;1994;4.87419
459;8;2015;5.58387
459;11;1994;5.50667
459;11;1995;5.05333
78;1;1983;9.52581
78;1;1988;8.27742
78;4;1983;3.78
78;5;1987;3.87097
78;6;1979;2.96667
78;7;1984;3.99677
78;8;1976;3.00323
78;9;1976;3.21667
78;9;1987;4.14333
469;1;1966;4.33548
469;2;1966;7.93214
469;3;1969;3.5
469;4;1971;3.59667
469;5;1969;3.10323
469;5;1970;3.27742
469;5;1971;3.41935
469;6;1971;3.03667
469;7;1967;2.4871
469;7;1968;2.42258
79;1;1983;8.92258
79;1;2007;10.0903
79;5;2019;4.76774
79;11;1994;7.07667
479;1;1966;4.98387
479;2;1966;4.73214
479;5;1965;2.70968
479;6;1965;2.79333
479;7;1965;3.05161
479;10;1966;5.40645
479;11;1965;4.71667
82;1;1988;8.55161
82;1;2007;9.12258
82;3;2014;7.17419
82;8;2015;6.19355
82;11;1994;6.06
82;11;1995;5.41333
82;12;2011;7.32258
473;1;1971;10.1037
473;2;1978;3.92857
473;4;1971;4.29667
473;5;1969;3.53321
473;7;1975;2.66774
473;11;1969;4.35667
83;1;2018;7.08065
83;3;2013;6.24839
83;3;2014;6.43226
83;3;2018;5.24839
83;4;2018;6.05333
83;5;2019;4.64839
83;5;2022;3.60645
83;6;2020;4.23
83;8;2015;5.07097
83;9;2017;3.58667
83;9;2023;4.25
83;10;2022;3.90968
83;11;2016;3.65667
83;12;2016;4.62258
84;1;2007;8.57742
84;2;1966;8.98571
84;11;1994;7.17
84;11;1995;5.96333
85;1;1983;8.51935
85;2;1991;9.17143
85;2;1996;9.00111
85;5;1992;5.62903
85;10;1995;3.82903
85;11;1994;8.01333
86;1;2007;5.68387
86;3;2007;4.74516
86;4;2007;4.11333
86;4;2008;4.10333
86;4;2009;5.03
86;4;2010;3.86667
86;5;2010;2.07742
86;5;2011;2.59032
86;6;2009;2.21
86;7;2011;4.17419
86;9;2007;4.29667
86;9;2009;3.33333
86;9;2010;3.52333
86;9;2011;3.60667
86;10;2007;4.67742
86;11;2007;4.65333
86;12;2006;5.8129
477;1;2007;10.8097
477;5;1992;5.19032
477;7;1984;4.74194
477;7;1994;4.74194
477;11;1994;6.10333
477;11;1995;4.87667
477;12;2011;8.89355
87;1;1988;7.85806
87;4;1983;4.28667
87;4;1984;3.64
87;5;1987;4.70323
87;5;1991;4.17097
87;5;1992;4.47419
87;6;1979;3.67333
87;7;1984;4.39355
87;11;1993;5.69
88;5;1992;4.80968
88;7;1994;4.48387
89;1;1983;8.09032
89;1;1988;8.35161
89;5;1987;4.42581
89;5;1988;4.54516
89;6;1979;3.50333
89;7;1984;4.96452
89;9;1987;5.21333
89;9;1988;3.99667
90;1;1983;9.08387
90;1;1988;9.12581
90;1;2007;9.41613
90;2;2003;9.17143
90;7;1984;5.44839
90;11;1994;6.20333
90;11;1995;5.62333
91;1;2018;7.8129
91;3;2018;5.36774
91;3;2019;4.77742
91;4;2018;6.07333
91;5;2019;5.2129
91;5;2022;4.44516
91;6;2020;4.46333
91;7;2016;2.4
91;8;2016;4.45806
91;9;2017;4.09333
91;9;2023;4.85
91;10;2022;3.07419
91;11;2016;3.88667
91;12;2016;4.55484
475;3;1962;6.65806
475;5;1969;2.85484
475;5;1970;3.2871
475;8;1976;3.47604
475;9;1976;3.7354
475;10;1966;6.44839
93;1;1983;9.49677
93;1;1988;10.7226
93;4;1983;4.25333
93;5;1987;7.26452
93;6;1986;5.32
93;7;1984;5.28065
93;8;1993;5.44194
93;10;1966;5.00645
94;1;2007;10.3548
94;5;1992;5.31935
94;8;2015;5.73548
94;10;1966;5.5871
94;11;1994;6.08667
94;11;1995;5.29667
95;1;1963;7.41613
95;3;1962;6.63871
95;3;1997;5.73548
95;5;1991;3.72903
95;5;1992;4.25161
95;7;1993;3.21613
95;7;1994;3.64194
95;7;1996;3.14516
95;10;1995;4.19032
95;11;1994;6.76667
96;1;2007;8.57419
96;1;2018;7.72258
96;2;1991;7.86429
96;2;1996;7.85012
96;2;2003;7.37857
96;3;2013;7.09677
96;3;2014;7.7
96;4;2018;6.49
96;7;1994;5.30323
96;7;1996;4.96774
96;8;2015;6.02581
96;11;1994;6.11
96;11;1995;5.38333
96;12;2011;6.9871
495;1;1988;9.07419
495;3;2014;7.31613
495;7;1994;6.43226
495;8;2015;5.38065
97;1;1988;7.72258
97;1;2007;9.35484
97;1;2018;8.28065
97;2;1991;8.49286
97;2;1996;8.26342
97;2;2003;8.93571
97;6;2004;5.19333
97;7;1994;4.56452
97;7;1996;4.2129
97;11;1994;6.84667
98;1;2007;9.65161
98;1;2018;8.57419
98;2;2003;9.26429
98;3;2013;6.50968
98;3;2014;6.31613
98;4;2018;5.61333
98;5;2019;5.05484
98;8;2015;6.06774
98;9;2007;3.99
98;9;2011;3.56333
98;9;2017;3.61
98;9;2023;3.68
98;12;2011;8.09677
489;1;1988;9.12903
489;2;1991;8.18571
489;3;2013;7.61613
489;3;2014;8.95161
489;4;2018;6.24
489;8;2015;6.11936
489;11;1994;5.98
489;11;1995;5.29667
489;12;2011;8.06129
99;3;1962;5.68065
99;3;1977;5.30323
99;5;1970;3.83548
99;5;1971;2.95161
99;9;1976;3.76667
99;11;1965;4.52333
100;2;2020;4.04335
100;2;2021;3.13264
100;3;2023;3.07419
100;4;2021;2.79
100;5;2022;3.60323
100;6;2020;3.59
100;8;2021;2.03226
100;8;2022;2.10323
100;9;2023;2.68333
100;10;2022;3.84839
100;12;2023;1.84194
101;1;2007;9.66452
101;5;1992;5.3871
101;7;1984;4.82581
101;7;1994;4.65484
101;8;2015;5.82581
101;9;1999;4.47333
101;10;1966;5.01613
101;11;1994;6.05667
101;11;1995;5.14
102;2;1966;8.875
102;3;1962;7.10968
102;3;1977;6.12581
102;5;1970;4.12903
102;6;1979;3.55667
102;7;1965;3.72581
493;1;1983;9.01935
493;3;1962;6.7
493;5;1988;4.13548
493;5;1991;4.31613
493;5;1992;4.71613
493;6;1979;3.60333
493;7;1984;4.76452
493;9;1973;3.94667
493;9;1976;3.98333
493;10;1966;5.42903
103;5;1987;4.5129
103;5;1992;5.27097
103;6;1979;3.41667
103;7;1984;4.4129
104;1;2007;9.86129
104;5;2019;5.5129
104;7;1994;4.79677
104;8;2015;5.35161
104;10;1966;5.75161
104;11;1994;5.96667
105;1;2007;9.98065
105;5;2019;5.41935
105;7;1994;4.58387
105;8;2015;5.33548
105;11;1994;6.60333
105;11;1995;6.01333
105;12;2011;6.99032
106;1;2007;9.90645
106;8;2015;5.81613
106;11;1994;6.26
106;11;1995;5.47
497;1;1988;9.90645
497;2;1991;8.01786
497;3;2013;6.23548
497;3;2014;7.22903
497;5;2019;5.63548
497;8;2015;5.2871
497;8;2016;4.76452
497;11;1994;5.56333
497;12;2011;7.65484
107;2;1966;9.47857
107;4;2018;6.24333
107;5;2019;5.79677
107;7;1994;5.06129
107;7;1996;4.94839
107;8;2015;5.86452
107;11;1994;5.94667
107;11;1995;5.90667
109;1;2007;9.78387
109;1;2018;7.77742
109;2;1991;7.77143
109;2;1996;8.01404
109;2;2003;8.16429
109;3;2013;6.05484
109;3;2014;5.86452
109;7;1994;4.53548
109;8;2015;5.64516
109;11;1993;4.91667
109;11;1994;6.24
109;11;1995;5.59333
110;1;1991;0.612903
110;2;1991;8.17857
110;3;1989;4.79677
110;4;1990;1.53667
110;5;1991;4.56774
110;5;1992;5.24839
110;6;1992;2.26
110;7;1991;1.77742
110;8;1992;3.98387
110;9;1990;2.60333
110;9;1991;3.15333
110;11;1990;2.74333
501;1;1988;11.8677
501;3;1977;6.40645
501;3;2013;6.74516
501;3;2014;8.13548
501;8;2015;5.49355
501;11;1994;6.29
111;2;1966;10.4393
111;3;1972;5.74194
111;3;1977;6.53548
111;5;1970;5.0129
111;5;1971;4.43226
111;7;1965;2.74194
111;7;1967;3.12258
112;1;2007;9.22581
112;2;1966;9.15
112;5;2019;5.94839
112;7;1994;5.5129
112;8;2015;5.99355
112;11;1994;5.63333
112;11;1995;5.36667
511;1;2007;9.19355
511;1;2018;7.22903
511;3;2007;5.69355
511;3;2013;5.75484
511;3;2014;7.00323
511;4;2018;5.20667
511;5;2019;5.84194
511;8;2015;4.99355
511;8;2016;4.71935
511;9;2007;4.36
511;9;2023;3.89
511;11;2006;3.46333
511;11;2007;4.1
511;12;2011;7.80323
113;1;2007;9.71613
113;2;2003;8.22857
113;3;2007;4.92581
113;4;2009;4.34333
113;5;2004;3.75806
113;6;2004;5.40667
113;7;2011;3.88065
113;9;2007;5.24667
113;11;2006;4.30333
113;11;2007;4.56333
113;12;2011;7.24516
114;2;2021;3.65936
114;3;2020;4.1043
114;4;2021;3.93667
114;5;2022;3.93548
114;6;2020;4.29333
114;8;2021;2.3
114;8;2022;2.3
114;9;2023;4.24
114;10;2022;3.8129
114;11;2022;1.29667
114;12;2020;1.59355
114;12;2023;1.94194
115;3;2014;8.21613
115;7;1994;5.89355
115;11;1994;5.97333
115;11;1995;5.62
116;1;1988;8.5871
116;5;1992;5.51613
116;7;1994;4.38387
116;10;1995;3.87097
116;11;1994;5.94333
116;11;1995;5.40667
116;12;1997;5.55806
499;1;1988;10.1129
499;3;1962;6.13548
499;3;2014;7.06452
499;8;2015;5.53548
499;9;2007;4.75667
499;10;1966;5.76774
117;2;1966;10.2786
117;8;2015;5.93226
117;11;1994;5.76667
117;11;1995;5.33
118;1;1983;8.83548
118;1;1988;8.54839
118;4;1983;3.99333
118;7;1984;4.06129
118;8;1992;3.99032
118;11;1986;3.89667
118;11;1993;4.38667
509;1;2007;8.79677
509;2;2003;7.975
509;3;2007;4.87742
509;4;1998;5.26
509;5;2004;3.67097
119;2;1966;9.31071
119;3;1962;6.57742
119;3;1977;5.95161
119;6;1979;3.2
119;7;1984;4.90968
119;11;1963;5.13333
120;1;1983;8.83226
120;1;1988;8.8
120;1;2007;9.19355
120;2;1966;8.89286
120;5;2019;6.41935
120;7;1994;5.57742
120;7;1996;5.22258
120;8;2015;6.3129
120;11;1994;5.42333
120;11;1995;5.21
455;1;2007;8.34516
455;5;2019;6.12581
455;7;1984;5
455;7;1994;4.96774
455;7;1996;4.83548
455;8;2015;5.52581
455;11;1994;5.69333
455;11;1995;5.17
121;1;1988;8.97419
121;1;2007;9.57097
121;5;2019;5.56774
121;11;1994;6.3
121;11;1995;5.36
122;1;2007;10.7161
122;5;2019;4.93871
122;7;1994;4.26129
122;11;1993;4.85667
122;11;1994;6.24667
122;11;1995;5.66667
449;1;2007;9.34194
449;1;2018;8.52258
449;2;1996;8.2351
449;2;2003;8.28214
449;3;2014;5.70323
449;7;1994;4.69355
449;8;2015;5.36452
449;11;1994;5.18333
449;11;1995;5.26
123;1;2018;4.66774
123;1;2019;4.46452
123;1;2020;5.26452
123;1;2021;4.27097
123;2;2018;7.05714
123;2;2019;7.9
123;3;2018;4.71935
123;3;2019;3.72258
123;4;2018;6.87667
123;5;2019;5.50968
123;5;2022;4.63871
123;6;2019;3.75333
123;6;2020;4.76
123;7;2020;1.62903
123;9;2023;5.83667
123;11;2018;2.43333
123;11;2023;3.03
123;12;2017;2.66774
124;1;2018;8.60645
124;3;2014;4.19355
124;5;2019;5.32581
124;6;2020;4.42667
124;8;2015;3.94839
124;9;2017;2.59667
124;9;2018;1.96667
124;9;2023;2.44667
124;10;2022;4.20645
124;11;2016;3.39333
124;12;2011;7.06452
125;1;2019;5.12581
125;1;2020;6.36774
125;1;2021;4.7871
125;2;2018;7.76429
125;2;2019;8.21071
125;3;2018;4.74194
125;3;2019;3.57742
125;4;2018;6.42667
125;5;2019;5.67097
125;5;2022;4.56129
125;6;2019;3.77667
125;6;2020;4.96
125;7;2016;2.12903
125;9;2017;4.45
125;9;2023;5.6
125;12;2015;5.37742
126;1;2018;8.26774
126;3;2014;5.51935
126;4;2018;5.01333
126;5;2019;5.79677
126;7;2011;3.0129
126;8;2015;3.7
126;8;2016;3.30323
453;1;1983;9.19032
453;1;1988;9.12581
453;1;2007;9.51613
453;9;2007;5.10667
453;11;1994;5.89667
453;11;1995;5.39
453;12;1997;6.31935
453;12;2011;8.00968
127;2;1966;8.22143
127;3;1962;5.69032
127;3;1977;5.74839
127;7;1963;3.53226
127;10;1966;4.73548
128;1;2018;7.56774
128;2;2021;5.22599
128;3;2018;5.0871
128;3;2019;4.93548
128;4;2018;5.97
128;5;2019;5.8
128;6;2020;4.76
128;7;2017;2.89472
128;9;2017;4.91
128;9;2023;5.06667
128;12;2021;2.75484
129;2;1966;7.48929
129;3;1962;5.23226
129;3;1977;5.83548
129;6;1979;3.91667
129;7;1963;3.33871
129;8;1976;2.87097
314;1;1965;4.68387
314;1;1966;3.53871
314;2;1966;8.61786
314;4;1966;2.91333
314;5;1965;2.80323
314;6;1965;3.16667
314;7;1965;2.36452
314;7;1967;2.63871
314;7;1968;2.49032
314;9;1967;1.54
314;10;1966;5.37097
314;12;1965;1.54194
314;12;1967;1.99032
130;1;1988;9.06774
130;4;1983;3.62667
130;5;1991;4.57419
130;6;1979;3.83333
130;7;1984;5.51935
130;8;1976;2.9871
130;11;1965;4.88
130;11;1985;4.18
130;11;1986;4.17667
130;11;1988;4.97333
131;3;1977;5.89677
131;6;1971;4.37667
131;7;1963;3.92903
131;7;1967;3.53226
131;8;1967;2.53226
131;8;1976;2.75806
131;10;1966;5.77097
132;1;1988;7.84194
132;2;2019;7.88214
132;3;2014;8.33871
132;4;2018;6.84333
132;7;1994;6.57097
132;8;2015;6.42581
132;11;1985;5.98333
133;1;2020;5.39355
133;2;2018;7.38214
133;2;2019;7.51429
133;3;2013;6.33226
133;3;2014;8.05161
133;4;2018;6.82333
133;5;2019;5.77097
133;7;2011;3.45484
133;8;2015;5.9
133;8;2016;4.94839
133;9;2023;5.8
133;11;2016;3.65333
318;1;1988;9.90968
318;1;2007;9.85806
134;2;1966;7.925
134;2;1991;7.85
134;2;1996;7.3553
134;3;2013;5.56129
134;3;2014;7.38065
134;4;2018;4.99333
134;8;1993;4.23871
134;8;2015;5.34516
134;8;2016;4.1129
135;3;2007;5.60323
135;3;2013;6.56129
135;5;2004;4.1129
135;6;2004;3.84333
135;11;2000;4.31
135;11;2001;4.27333
135;11;2007;4.81667
136;1;1963;10.5226
136;3;1962;10.7097
136;4;1962;7.77667
136;5;1962;6.45603
136;6;1962;9.62758
136;6;1963;8.90424
136;7;1963;8.43548
136;8;1963;5.89355
136;9;1962;8.29333
136;9;1963;7.82
136;9;1975;7.44095
136;10;1962;7.8129
136;11;1963;8.89
136;12;1963;11.2677
137;2;2021;5.28128
137;2;2022;4.37143
137;4;2021;2.87
137;5;2022;2.46129
137;6;2020;3.81
137;7;2021;1.49677
137;8;2021;2.59355
137;8;2022;2.90968
137;9;2023;4.07667
137;10;2022;1.94839
137;12;2021;2.52903
138;2;1966;8.09643
138;5;2019;5.65484
138;8;2015;5.6
139;1;1988;10.6065
139;1;2007;9.49677
139;3;2014;7.64194
139;5;2019;5.84839
139;12;2011;6.8871
140;1;1988;9.86129
140;1;2007;9.17742
140;2;2003;8.03571
140;3;2014;7.46452
140;5;2019;6.16129
140;7;1994;6.53871
140;8;2015;6.20645
140;12;2011;6.92581
141;2;1966;8.88929
141;3;1977;7.55161
141;5;1970;3.89355
141;5;1971;4.24194
141;7;1963;3.54194
141;7;1965;3.2129
141;7;1975;3.27419
141;8;1972;2.74839
262;1;1988;8.4
262;2;1966;10.6321
142;1;2018;6.92258
142;3;2014;7.45484
142;4;2018;5.65
142;5;2019;5.81613
142;6;2020;4.53
142;7;2010;3.15279
142;7;2011;4.04839
142;8;2015;5.9
142;8;2016;4.94516
142;9;2017;4.73667
142;9;2023;4.82667
142;12;2011;6.64194
143;1;2018;5.83226
143;2;2019;5.78571
143;3;2018;5.51935
143;3;2019;5.1129
143;4;2018;6.64667
143;5;2019;5.53871
143;6;2020;4.49333
143;7;2016;1.40323
143;7;2018;1.64516
143;8;2016;4.73548
143;9;2017;4.64667
143;9;2023;5.55667
143;11;2016;3.47333
143;12;2016;4.56774
256;1;2007;11.4387
256;2;1991;8.65714
256;2;1996;8.60246
256;2;2003;8.19286
256;4;2018;6.58333
256;7;1994;4.35161
256;8;1992;4.35161
256;8;1993;4.45806
256;8;2015;5.44516
256;8;2016;4.61613
144;2;2021;5.39076
144;2;2022;4.58214
144;4;2021;3.11667
144;5;2022;3.14839
144;6;2020;4.26667
144;8;2021;2.56774
144;8;2022;3.17097
144;9;2023;4.47667
144;10;2022;2.19032
144;11;2019;1.97
144;11;2020;2.12
144;12;2021;3.01613
145;1;1988;9.57419
145;3;1977;6.82903
145;3;2014;7.59032
145;5;2019;6.27742
145;8;2015;5.63548
145;11;2001;5.57
266;1;1988;11.9258
266;3;2014;6.64194
266;10;1966;5.35806
146;2;1966;8.95357
146;3;1962;5.72258
146;3;1977;6.45161
146;6;1979;3.85667
146;7;1963;3.1129
146;8;1972;2.98387
146;9;1976;4.4
147;2;1966;8.38214
147;3;1962;5.77742
147;3;1977;6.79355
148;1;2018;6.99032
148;3;2014;6.46774
148;4;2018;5.79667
148;5;2019;4.96774
148;6;2020;3.94667
148;8;2015;4.54839
148;8;2016;3.44753
148;9;2023;4.25333
149;1;1963;6.42903
149;2;1966;8.85714
149;3;1962;5.69032
149;3;1972;5.33226
149;7;1963;3.79355
149;9;1973;4.78765
150;1;1988;10.7645
150;7;1984;5.06129
150;7;1994;4.68387
150;12;1997;5.78065
150;12;2001;5
152;1;2007;5.76774
152;1;2018;5.43871
152;2;2019;6.92143
152;3;2013;7.09355
152;3;2014;8.91935
152;4;2018;7.16333
152;5;2019;5.70968
152;7;2006;4.95161
152;7;2007;4.89032
152;8;2015;6.69355
152;9;2007;5.06
152;9;2017;5.82
152;9;2023;5.86
152;11;2007;4.61333
152;11;2008;4.13
153;1;1988;9.65484
153;2;1966;8.77857
153;3;2014;7.9871
153;4;2018;6.61333
153;5;2019;5.80968
153;7;1994;6.09355
153;8;2015;6.22903
274;1;2018;5.92581
274;3;2013;6.16774
274;3;2014;7.24194
274;4;2018;6.26
274;5;2019;4.66129
274;6;2020;4.24333
274;8;2015;5.10968
274;8;2016;4.34839
274;9;2023;4.44333
274;12;2011;7.27097
154;1;1988;10.4968
154;1;2007;9.3
154;2;2003;8.91786
154;3;2014;6.63548
154;7;1994;5.6
154;8;2015;6.24516
155;1;1988;10.1387
155;2;1966;8.48571
155;3;2014;7.10323
155;8;2015;6.12903
284;1;1988;10.2613
284;2;1966;9.65714
284;3;2014;7.00645
284;7;1984;4.82581
156;1;2007;10.3226
156;3;2007;5.29355
156;3;2013;4.85161
156;3;2014;6.45484
156;3;2018;4.94516
156;3;2019;4.95806
156;4;2018;5.79333
156;5;2019;5.46774
156;8;2015;5.44516
156;9;2023;4.32
156;11;2006;4.14667
156;11;2007;4.72333
156;12;2011;6.32258
157;1;1988;11.3323
157;1;2007;10.671
157;3;1962;6.23226
157;3;2013;6.3129
157;3;2014;6.87742
157;5;2019;5.05806
157;7;1984;4.8
157;7;1994;4.95484
157;11;1986;5.61667
278;1;1988;11.6065
278;1;2007;10.3032
278;3;2014;7.01613
158;1;2007;9.82581
158;3;1962;6.06774
158;3;1977;5.88065
158;3;2014;5.97419
158;5;2019;5.2
158;6;2004;4.69
158;7;1994;4.90645
158;11;1994;5.48333
158;11;1995;5.09333
159;1;1965;5.8
159;1;1966;5.45161
159;2;1966;8.57857
159;4;1965;2.45667
159;4;1966;2.81
159;4;1967;2.51
159;5;1969;3.08387
159;6;1965;2.39195
159;7;1965;2.39677
159;7;1968;2.35989
159;10;1966;4.82258
160;2;1966;9.175
160;3;1962;6.33226
160;3;1977;6.32581
160;5;1970;4.2
160;7;1963;2.96452
161;1;2007;10.2968
161;3;2014;7.35484
161;5;2019;5.90323
161;10;1966;6.16129
162;2;1966;7.70714
162;3;1962;5.53871
162;3;1977;5.95161
162;5;1969;3.50645
162;5;1970;3.38387
162;6;1979;3.62
162;9;1976;4.40333
162;10;1966;5.13226
163;1;2007;9.4172
163;1;2018;7.43548
163;3;2013;5.57742
163;3;2014;6.97419
163;4;2018;6.38
163;5;2019;5.7129
163;7;2011;3.68065
163;8;2015;5.68065
163;9;2017;4.48
163;9;2023;4.99
163;11;2006;3.75
163;11;2007;4.47333
163;11;2008;3.76333
163;12;2011;6.51935
164;1;1988;9.57419
164;2;1966;7.53929
164;3;2014;8
164;7;1994;7.09677
164;8;2015;6.46237
165;1;1963;8.33226
165;1;1988;10.4871
165;2;1991;8.65
165;4;1983;4.17
165;6;1979;3.77333
165;6;1980;3.77333
165;7;1984;5.20323
165;10;1966;5.67097
166;1;1988;10.1097
166;1;2007;9.36452
166;2;1991;8.43929
166;3;2014;7.44194
166;8;2015;5.83548
167;1;2018;8.25484
167;3;2018;4.95484
167;3;2019;4.94194
167;4;2018;5.59
167;5;2019;4.92258
167;6;2020;3.98333
167;8;2015;5.15161
167;9;2017;3.93667
167;9;2023;4.85333
167;11;2014;3.05072
167;12;2016;4.83548
168;2;1966;7.92857
168;3;2007;6.01613
168;3;2014;7.09032
168;4;2018;5.71667
168;5;2019;6.16129
168;8;2015;5.88065
168;9;2007;4.52333
168;9;2010;3.95667
168;9;2017;4.61333
168;9;2023;4.26667
168;10;1966;5.71613
169;2;1975;4.57143
169;3;1977;6.26452
169;5;1969;3.2871
169;6;1979;3.87
169;11;1973;2.24333
169;11;1976;2.95
169;11;1978;2.46333
170;2;1996;7.98867
170;2;1997;6.21724
170;5;1994;2.69032
170;6;2001;2.79667
170;7;1994;5.97419
170;8;1993;4.4871
170;11;1994;5.20333
170;11;1995;4.9
170;12;1997;5.37097
171;1;2007;9.75806
171;1;2018;7.83871
171;3;2007;5.97419
171;3;2014;6.70968
171;5;2019;5.99677
171;7;2007;3.87742
171;8;2015;5.94516
171;8;2016;4.85806
171;9;2007;4.83
171;9;2010;5.82
171;11;2007;4.39667
171;11;2008;3.91
171;12;2011;7.07742
300;1;2000;3.51935
300;1;2003;3.55161
300;2;2003;5.36429
300;3;2000;2.14747
300;4;2001;4.14333
300;6;2001;3.38667
300;6;2002;3.53333
300;7;2000;3.47419
300;10;2002;5.98387
300;11;2001;5.81667
300;12;2001;6.33226
172;1;2007;9.08065
172;1;2018;7.95806
172;2;2003;8.26786
172;3;2007;5.7129
172;3;2013;4.82581
172;3;2014;6.12903
172;4;2018;6.02
172;5;2019;5.73226
172;8;2015;5.27419
172;9;2023;4.71667
172;10;2002;5.07742
172;12;2011;6.7
173;1;1988;9.96129
173;4;1998;5.22333
173;7;1994;4.35806
173;7;1996;4.04516
294;1;2018;6.84194
294;3;2018;5.36129
294;3;2019;5.7871
294;4;2018;5.85667
294;5;2019;3.77742
294;6;2019;3.61
294;6;2020;4.09667
294;7;2021;1.68065
294;9;2023;4.17333
294;11;2019;2.73333
174;3;1977;5.92581
174;5;1969;3.29032
174;5;1970;3.05161
174;6;1979;3.62667
174;8;1976;2.2871
174;9;1975;4.27421
174;9;1976;3.46333
174;11;1976;2.97333
175;1;2007;10.2323
175;1;2018;8.06452
175;3;2013;6.66452
175;3;2014;7.80968
175;4;2018;6.32667
175;5;2019;5.30645
175;6;2020;5.36667
175;7;2011;4.10968
175;8;2015;5.55806
175;9;2017;4.99
175;9;2023;5.13667
175;11;2006;3.76333
175;11;2007;4.41667
175;12;2011;8.05161
288;1;1988;11.0355
288;1;2007;9.65806
288;3;1962;6.5871
288;3;2014;7.02581
288;7;1984;4.1129
288;8;1993;5.14516
288;8;2015;5.15161
176;1;1988;8.47097
176;1;2007;9.29355
176;3;2014;6.91935
176;5;2019;5.95161
176;7;1994;5.66129
176;12;2011;7.03871
177;1;1988;9.7871
177;1;2007;10.6581
177;3;1977;6.22258
177;3;2013;6.06452
177;3;2014;6.60645
298;1;2018;6.22903
298;2;2019;6.92857
298;3;2014;9.99387
298;4;2018;7.04333
298;5;2019;4.66452
298;6;2019;3.84
298;6;2020;3.98333
298;7;2021;1.80645
298;8;2015;4.99355
298;8;2016;4.34839
298;9;2023;4.94
298;11;2020;3.00333
298;12;2016;4.37742
178;1;1988;10.1387
178;2;1991;8.56429
178;5;1992;5.3129
178;7;1994;5.86774
178;7;1996;4.59032
178;9;1997;3.64333
178;10;1995;4.23548
178;10;1997;3.53226
178;11;1988;4.81667
178;11;1996;4.77667
178;12;1997;5.81935
179;1;1988;9.8871
179;1;2007;9.85806
179;2;1996;8.70259
179;3;2014;6.89677
179;5;2019;5.78065
179;7;1996;6.68064
179;8;2015;5.4871
179;11;1994;5.83667
179;11;1995;5.8
180;1;1983;9.12903
180;1;1988;9.98065
180;6;2002;3.61333
180;7;1994;5.20323
180;11;1988;4.44667
180;11;1994;4.94667
180;11;1995;4.64333
180;12;1997;6.38387
181;1;2007;10.2548
181;1;2018;7.97419
181;2;1996;8.47599
181;2;2003;8.21429
181;3;2013;6.23548
181;3;2014;7.27419
181;5;2019;5.48065
181;7;1994;5.2871
181;8;2015;5.61613
181;11;1994;5.17333
181;11;1995;4.68667
181;12;2011;7.22258
302;1;2018;7.15161
302;2;2021;5.08719
302;3;2014;8.40194
302;4;2018;5.42333
302;5;2019;4.48065
302;7;2021;2.15161
302;8;2015;4.56452
302;8;2016;3.63226
302;9;2023;4.08
302;10;2022;2.50323
302;11;2020;3.02333
302;12;2016;3.62903
302;12;2021;2.89677
182;1;2007;8.63226
182;1;2018;6.88387
182;2;2003;7.75357
182;3;2013;6.19032
182;3;2014;7.63548
182;4;2018;7.04
182;5;2019;5.8
182;7;2006;4.06774
182;7;2011;4.18977
182;8;2015;6.0129
182;9;2017;5.34667
182;9;2023;5.50667
182;11;2007;4.79667
183;1;2018;7.27742
183;3;2013;6.36452
183;3;2014;7.7
183;4;2018;6.78667
183;5;2019;5.72903
183;6;2020;4.87333
183;8;2015;6.16129
183;9;2017;5.19667
183;9;2023;5.44333
183;11;2016;3.17667
183;12;2016;5.17097
296;1;1988;11.7516
296;3;2014;7.7871
184;1;1988;10.7548
184;2;2003;9.46429
184;3;1977;5.75484
184;3;2007;6.48065
184;9;2007;4.38
184;12;1997;6.49677
185;1;2018;7.73871
185;3;2013;5.94194
185;3;2014;7.00323
185;4;2018;5.84
185;5;2019;5.49032
185;7;2011;3.65484
185;8;2015;5.51613
185;9;2017;4.56
185;9;2023;4.83333
185;12;2011;7.07742
306;1;1963;8.17097
306;1;2018;8.52581
306;3;1962;5.91935
306;3;2018;4.73548
306;3;2019;4.70645
306;5;2019;5.59677
306;8;2016;4.70645
306;9;2023;4.03333
306;10;2022;2.9129
306;11;2020;3.06667
186;2;1966;9.32857
186;3;2014;7.60323
186;4;2018;6.9
186;8;2015;6.30968
186;11;1994;5.34667
188;1;2018;7.19677
188;2;2019;6.04643
188;3;2018;5.35806
188;3;2019;4.8871
188;4;2018;6.06333
188;5;2019;5.60645
188;6;2019;3.55
188;6;2020;4.63
188;9;2017;4.81
188;9;2023;5.12333
189;1;2020;4.95553
189;1;2021;4.55484
189;2;2018;5.33634
189;2;2019;5.30419
189;3;2013;6.70645
189;3;2014;7.72692
189;4;2018;6.86667
189;5;2022;4.17742
189;6;2019;7.88111
189;7;2011;3.54851
189;8;2015;6.33871
189;8;2016;5.02581
189;11;2016;4.05
190;5;1992;5.2129
190;5;2019;5.5129
190;7;1994;5.24194
190;8;2015;5.90323
190;11;1994;6.36
190;11;1995;5.78333
191;1;2007;6.53226
191;1;2018;5.95484
191;2;1991;8.12857
191;2;2019;7.71429
191;3;2013;7.16774
191;3;2014;7.59032
191;4;2018;6.68333
191;5;1991;5.3871
191;5;1992;7.1
191;5;2019;5.6129
191;8;2015;6.13226
191;11;1994;7.19
191;11;1995;5.86333
304;1;1988;9.89032
304;1;2007;10.9161
304;2;1996;9.34926
304;7;1984;5.07097
304;10;1966;5.79032
192;5;2019;5.35161
192;7;1984;5.35161
192;7;1994;5.4
192;8;2015;6.10968
192;11;1994;6.41667
192;11;1995;5.68
193;1;1983;7.01613
193;1;1988;8.12903
193;5;1992;5.43548
193;7;1984;5.7
193;7;1994;5.58387
193;11;1994;6.44667
193;12;1982;4.84516
378;2;2019;6.15
378;3;2019;5.14839
378;5;2019;5.36452
378;6;2019;4.03667
378;6;2020;5.22333
378;7;2021;2.3871
378;9;2023;4.53667
378;11;2019;2.83333
378;11;2020;3.10667
378;12;2021;2.4
194;2;2003;8.65357
194;3;1962;6.49677
194;3;1977;5.26452
194;3;1997;5.43226
194;7;1994;4.75161
194;11;1994;6.24667
194;11;1995;5.24667
195;2;2003;9.55714
195;8;2015;6.17419
195;9;2007;4.72333
195;11;1994;6.46667
195;11;1995;5.54333
324;1;1988;8.98387
324;2;1966;8.93571
324;3;1977;6.7
196;1;2007;8.30645
196;1;2018;8.21935
196;3;2013;6.4871
196;3;2014;6.76129
196;4;2018;5.54
196;5;2019;5.26774
196;5;2022;4.53226
196;6;2020;4.79
196;8;2015;6.14839
196;9;2007;4.88
196;9;2017;4.83667
196;9;2023;4.48667
196;11;2007;3.71667
196;12;2011;7.64516
197;1;1983;8.45161
197;1;1988;8.66774
197;1;2007;8.93548
197;1;2018;8.53871
197;5;2019;5.5129
197;8;2015;5.70323
197;11;1994;5.62667
197;11;1995;4.75333
382;1;2019;3.64194
382;2;2019;6.43214
382;3;2019;4.91935
382;5;2019;4.6871
382;6;2019;4.01
382;6;2020;4.89333
382;7;2021;2.3
382;9;2023;4.52
382;10;2022;2.91613
382;11;2019;2.47333
382;11;2020;2.58
198;1;1988;8.3871
198;5;1987;4.6129
198;5;1988;4.03871
198;5;1992;5.32258
198;6;1971;3.42
198;6;1979;3.39333
198;11;1994;6.07
198;11;1995;5.46667
199;1;2007;8.18065
199;2;1991;7.125
199;2;1996;7.26293
199;2;2003;7.48571
199;5;1992;5.22258
199;7;1994;5.37097
199;7;2011;4.94194
199;11;1994;5.86
199;11;1995;5.22667
199;12;2011;7.61935
376;1;2019;3.61613
376;2;2019;6.30357
376;3;2019;5.03871
376;5;2019;5.03548
376;6;2019;4.18
376;6;2020;5.1
376;7;2021;2.24194
376;9;2023;4.71667
376;11;2020;3.22333
376;12;2021;2.34194
201;5;2019;5.4
201;8;2015;5.97742
201;11;1994;6.32667
201;11;1995;5.42667
322;1;2018;7.75161
322;2;2021;5.75086
322;3;2018;5.12581
322;3;2019;4.91935
322;4;2018;6.51667
322;5;2019;5.64839
322;6;2020;4.22333
322;9;2017;3.60667
322;11;2020;3.56
202;1;2007;5.98065
202;2;2019;8.97857
202;3;2013;6.02581
202;3;2014;7.91613
202;3;2018;5.96129
202;4;2009;5.82
202;4;2018;6.24333
202;4;2021;5.88333
202;5;2019;4.7871
202;5;2022;5.63226
202;7;2011;5.73226
202;8;2015;6.22903
202;9;2017;5.85667
203;1;2018;8.47097
203;3;2013;7.04516
203;3;2014;7.37742
203;4;2018;5.11333
203;5;2019;4.94516
203;5;2022;4.37419
203;6;2020;3.71333
203;8;2015;5.1871
203;9;2017;4.46
203;9;2023;4.20667
203;11;2016;3.68
203;12;2011;9.68387
204;1;2007;10.0226
204;2;1997;6.45111
204;2;2003;8.36786
204;2;2004;6.41761
204;3;1997;4.62581
204;3;2007;4.1
204;5;2004;3.55806
204;6;2004;4.1
204;7;1996;4.13548
204;12;1997;6.39677
205;1;1988;8.42581
205;1;2007;8.62903
205;1;2018;8.08065
205;5;2019;5.31935
205;7;1984;5.11935
205;7;1994;5.20645
205;8;2015;5.66452
205;11;1994;5.75667
205;11;1995;5.27667
205;12;2011;7.35484
326;1;1988;10.4097
326;1;2007;11.2742
326;2;1966;8.88929
326;2;2003;8.73571
326;10;1966;6.5871
326;12;2001;6.25161
326;12;2011;6.30968
206;3;2013;7.2129
206;3;2014;7.35806
206;5;2019;5.63548
206;8;2015;6.03548
206;11;1994;5.96333
206;11;1995;5.16
207;1;1983;7.77742
207;1;1988;7.77742
207;1;2007;8.56452
207;1;2018;7.60323
207;3;2013;7.42258
207;3;2014;7.32258
207;4;2018;5.41
207;5;2019;5.42581
207;7;1984;5.10323
207;7;1994;4.61613
207;7;1996;5.07419
207;8;2015;5.65161
207;9;2017;4.44333
207;11;1994;6.60667
207;11;1995;5.45
320;1;2018;4.50645
320;1;2020;4.83226
320;2;2018;7.175
320;2;2019;7.72857
320;3;2013;6.70645
320;3;2014;8.71935
320;4;2018;7.11
320;5;2019;5.80323
320;6;2020;4.56
320;8;2015;6.11935
320;8;2016;4.96774
320;9;2017;5.24333
320;9;2023;5.7
320;11;2016;3.77667
320;11;2021;3.52667
320;12;2013;4.2
208;2;1991;6.95357
208;2;1992;5.49507
208;2;1996;6.95086
208;2;1997;5.92943
208;3;1997;5.09677
208;4;1998;3.51333
208;5;1991;4.64839
208;5;1992;5.10968
208;6;1992;3.19667
208;6;1995;2.41667
208;7;1994;5.36129
208;7;1996;5
208;8;1993;3.1
208;8;1997;2.38064
208;9;1990;3.31
208;9;1991;3.09
208;10;1995;3.83871
208;11;1994;6.02333
208;11;1995;5.44667
208;12;1997;4.9129
209;1;1963;7.5871
209;2;1966;7.78929
209;3;1962;6.20323
209;5;1965;2.70323
209;7;1963;2.54839
209;7;1965;3.04839
209;9;1962;3.94333
209;10;1966;3.19032
209;11;1963;4.14333
210;1;1988;7.6129
210;1;2007;7.36129
210;3;2014;6.92258
210;7;1984;5.31613
210;7;1994;5.09677
210;8;2015;5.55161
210;9;2017;4.45
210;11;1994;6.24
210;11;1995;5.35333
211;3;2013;7.43548
211;3;2014;7.80323
211;5;1991;5.46774
211;8;2015;6.00645
211;11;1994;6.35333
211;11;1995;5.32333
340;1;2018;6.52581
340;2;2019;6.51429
340;3;2018;5.30645
340;3;2019;4.92581
340;4;2018;7.41667
340;5;2019;5.60968
340;6;2019;3.6
340;6;2020;4.76667
340;7;2021;2.20968
340;9;2023;5.84
340;11;2020;3.39333
340;12;2016;3.61647
212;1;1983;8.36452
212;1;2018;8.38065
212;5;2019;5.79355
212;7;1994;5.67742
212;8;2015;5.80968
212;11;1994;6.32333
212;11;1995;5.21
213;2;2021;4.97943
213;3;2023;2.07742
213;4;2021;3.48333
213;5;2022;4.11935
213;6;2020;3.51333
213;7;2020;1.5871
213;8;2021;2.50323
213;8;2022;2.9871
213;9;2023;3.25
213;10;2022;3.5
213;11;2020;1.26333
213;12;2023;1.72581
214;3;1977;5.74516
214;5;1970;3.52581
214;6;1979;3.43667
214;8;1976;3.16774
215;1;1988;9.50323
215;1;2007;9.03548
215;3;2014;7.1871
215;5;1992;5.46129
215;5;2019;5.60645
215;8;2015;5.80968
215;11;1994;6.65333
215;11;1995;5.43333
328;1;2007;10.9129
328;1;2018;8.63548
328;3;2007;5.74516
328;3;2013;4.86129
328;3;2014;6.1
328;3;2018;5.0871
328;3;2019;4.89355
328;4;2018;6.20333
328;5;2019;5.52903
328;6;2004;4.13333
328;8;2015;5.26129
328;8;2016;4.27097
328;9;2007;4.47667
328;9;2023;4.55667
328;10;2004;4.14839
328;11;2006;3.89667
328;11;2007;4.76667
328;11;2008;4.10667
328;11;2011;3.76667
328;11;2012;3.74667
328;12;2011;6.49355
216;3;2013;7.31613
216;3;2014;8.03226
216;8;2015;5.64516
216;11;1994;6.48
217;3;2014;7.04839
217;5;1987;5.06129
217;5;1992;5.28065
217;7;1994;4.93548
217;8;2015;5.73226
217;11;1994;6.21
217;11;1995;5.15333
338;1;1988;11.2613
338;2;1966;9.21071
338;3;1962;6.15161
338;4;1983;4.51667
338;5;1970;4.6
338;6;1978;3.56958
338;7;1984;4.35484
338;7;1994;4.26129
338;10;1966;5.29032
218;5;1987;5.2129
218;5;1992;5.00968
218;9;2007;4.91
218;11;1994;5.80333
218;11;1995;4.83667
219;1;2020;5.30645
219;1;2021;4.92581
219;2;2018;7.00714
219;2;2019;8.59286
219;3;2013;7.54194
219;3;2014;8.76774
219;4;2018;6.96333
219;5;2019;5.67419
219;5;2022;5.11613
219;7;1994;6.09677
219;8;2015;5.92258
348;2;1966;10.1857
348;3;1972;6.19355
348;3;2007;5.88387
348;10;1966;6.27097
220;1;1967;3.00645
220;1;1970;2.37742
220;5;1969;2.61935
220;5;1970;2.53226
220;5;1971;2.37742
220;6;1967;2.91333
220;6;1971;3.30333
220;7;1967;2.43548
220;7;1969;2.19355
220;7;1970;2.17742
220;12;1970;6.05806
221;3;2013;7.01613
221;3;2014;7.56774
221;5;1992;5.49677
221;5;2019;5.45806
221;7;1984;5.50645
221;7;1994;5.65161
221;8;2015;5.84516
221;9;2007;4.99667
221;11;1994;6.45667
222;3;2014;6.67419
222;5;1992;5.09677
222;5;2019;5.12258
222;8;2015;4.79677
222;9;1999;4.48667
222;11;1994;5.83667
223;1;2007;6.57419
223;3;2007;4.86129
223;4;2007;3.74667
223;4;2008;3.4
223;7;2006;4.29677
223;7;2007;4.83548
223;8;2007;2.54839
223;9;2007;5.18667
223;10;2007;3.36452
223;11;2006;3.28333
223;11;2007;4.05
223;12;2006;4.09355
224;1;2018;7.02581
224;3;2013;6.5871
224;3;2014;6.60645
224;5;2019;5.01935
224;6;2020;3.84333
224;7;2013;1.61613
224;7;2020;1.56774
224;8;2015;5.19677
224;9;2016;3.40667
224;9;2017;3.91
224;9;2023;3.43667
224;10;2022;3.52903
224;11;2016;3.59333
224;12;2016;4.58065
225;3;1962;6.77742
225;3;1977;6.16774
225;5;1980;3.35484
225;8;1976;3.32903
282;1;1988;12.0161
282;2;1991;7.85714
282;4;1998;7.20667
282;5;1988;4.55806
282;6;2001;3.16667
282;7;1994;5.43548
282;8;1993;5.69677
282;11;1996;5.43
282;12;1997;6.2871
227;1;2007;9.25484
227;1;2018;7.92581
227;3;2007;4.7129
227;3;2013;5.50323
227;3;2014;5.56452
227;5;2019;5.12581
227;5;2022;4.10323
227;7;2007;3.25806
227;7;2011;3.4129
227;8;2015;5.49355
227;9;2007;4.09333
227;9;2017;3.4
227;9;2023;3.35667
227;11;2016;3.61
356;3;1977;6.2129
356;3;1981;4.7871
356;4;1983;4.90667
356;5;1981;4.43226
356;7;1984;4.06129
356;8;1976;2.80645
356;12;1980;4.65161
228;1;2018;8.18065
228;2;2021;5.63658
228;3;2018;4.60645
228;3;2019;4.1871
228;4;2018;4.9
228;5;2019;5.26452
228;5;2022;4.33226
228;6;2019;3.44333
228;6;2020;4.55667
228;7;2020;1.50968
228;8;2022;3.66774
228;9;2017;4.14333
228;9;2023;3.41
228;10;2022;3.3
228;12;2023;1.80645
229;2;1978;4.56786
229;3;1977;5.42903
229;4;1974;2.78
229;5;1975;1.46774
229;6;1979;3.43333
229;8;1976;2.76774
229;9;1976;2.86667
229;11;1976;2.69667
229;12;1974;5.42903
286;1;2020;5.54194
286;2;2018;7.48214
286;2;2019;8.15714
286;3;2013;6.24839
286;3;2014;7.83871
286;4;2018;7.42667
286;5;2019;5.24194
286;8;2015;5.84194
286;8;2016;5.01613
286;9;2007;5.08667
286;9;2023;5.58667
286;10;2022;4.25484
286;11;2007;4.85333
230;1;1988;11.5774
230;1;2007;10.2871
230;4;2018;6.32667
230;5;2019;5.43226
230;12;2011;5.88387
231;1;1995;4.22258
231;2;1991;8.06429
231;4;1998;5.82333
231;7;1994;5.3
231;7;1996;4.37097
231;8;1993;5.43548
231;11;2001;6.32
231;12;2001;6.39032
232;3;2014;7.34194
232;4;2018;7.26333
232;5;2019;5.63226
232;8;1992;5.24516
232;8;1993;5.29677
232;8;2015;5.24839
232;10;1992;5.84409
232;11;2000;5.68667
232;11;2001;6.30667
232;12;2001;6.79032
235;2;1975;3.46429
235;3;1972;4.43548
235;3;1976;4.55806
235;7;1974;1.5871
235;7;1975;1.96129
235;8;1972;2.65161
235;10;1972;2.90968
235;10;1975;2.75484
235;11;1973;2.43333
235;11;1975;2.27
235;12;1974;3.16129
235;12;1975;2.81935
364;1;2019;4.1
364;2;2019;6.71429
364;3;2019;4.65161
364;5;2019;5.86774
364;6;2020;5.56333
364;7;2021;2.83226
364;9;2023;5.98
364;10;2022;2.57419
364;11;2020;3.42667
364;12;2019;2.14516
364;12;2021;2.25806
236;1;1988;11.2839
236;3;1962;6.49677
236;3;2007;6.5871
236;10;2002;5.79677
237;1;1988;12.1226
237;4;2018;7.05
358;1;2019;4.74194
358;3;2019;3.87097
358;5;2019;4.58065
358;6;2019;3.30333
358;6;2020;3.82333
358;7;2021;2.43226
358;8;2022;2.39355
358;9;2023;4.21667
358;10;2022;2.78387
358;12;2021;3.07742
238;1;1988;9.9129
238;2;1966;9.05714
238;3;2014;8.42903
238;4;2018;7.27
239;1;2018;6.15161
239;2;2019;6.97857
239;3;2018;5.22258
239;3;2019;5.29355
239;4;2018;6.73
239;5;2019;5.16129
239;6;2019;3.80667
239;6;2020;4.79333
239;7;2021;2.2129
239;9;2023;5.09667
239;11;2019;2.46667
239;11;2020;2.36667
352;1;2018;7.30968
352;3;2014;6.69032
352;4;2018;6.49
352;5;2019;5.72581
352;6;2019;3.33
352;6;2020;3.92
352;8;2015;5.36774
352;8;2016;5.01935
352;9;2023;4.55333
352;11;2012;3.58333
352;11;2020;3.58667
352;12;2016;4.21613
240;1;2018;8.39032
240;2;2019;6.63214
240;3;2018;5.37097
240;3;2019;5.37419
240;4;2018;6.84667
240;5;2019;4.8129
240;6;2019;4.49
240;6;2020;4.81333
240;7;2016;1.82258
240;7;2021;2.20968
240;8;2015;4.55806
240;8;2016;4.17097
240;9;2023;5.20091
240;11;2019;2.98333
240;11;2020;3.53667
240;12;2016;4.37097
241;1;1988;12.9129
241;1;2007;10.8387
241;4;2018;6.99333
241;10;1966;6.89355
362;1;2019;4.8
362;2;2019;5.95
362;3;2019;4.26774
362;5;2019;4.56774
362;6;2019;3.40667
362;6;2020;3.73
362;7;2021;2.26452
362;8;2022;2.49677
362;9;2023;4.59333
362;10;2022;2.67742
362;11;2020;2.97667
362;11;2023;2.48
362;12;2021;2.38387
372;1;2011;4.86774
372;2;2013;4.75062
372;3;2013;4.25161
372;4;2010;2.70333
372;7;2011;2.7
372;7;2012;2.56452
372;8;2011;0.219355
372;9;2011;2.83667
372;9;2013;2.79
372;11;2011;3.74333
372;11;2012;3.82667
372;12;2011;5.88065
245;1;2018;6.50645
245;2;2019;6.775
245;3;2014;8.8293
245;4;2018;6.28
245;5;2019;4.97419
245;6;2020;4.19667
245;7;2021;2.03548
245;8;2015;4.9129
245;8;2016;4.10968
245;9;2023;4.76
245;12;2016;3.71613
366;1;1988;12.3032
366;5;2019;5.1871
366;12;2001;5.94516
366;12;2011;5.93226
247;1;2018;6.41935
247;2;2018;5.37143
247;2;2019;5.68929
247;3;2018;4.67742
247;3;2019;4.00323
247;4;2018;6.93667
247;5;2019;4.93548
247;6;2019;3.56333
247;6;2020;3.88333
247;7;2021;2.56774
247;8;2017;2.30968
247;8;2021;2.24194
247;8;2022;2.47742
247;9;2023;4.59
247;11;2020;2.68
247;12;2021;2.87742
360;2;2021;4.90406
360;2;2022;3.76429
360;6;2020;4.46667
360;7;2021;2.03226
360;9;2023;4.98333
360;11;2020;3.57667
360;11;2023;3.34
360;12;2021;2.60323
249;1;2018;7.3871
249;3;2018;5.36129
249;3;2019;5
249;4;2018;5.80333
249;5;2019;5.1871
249;6;2019;3.12667
249;6;2020;3.65
249;7;2021;1.96452
249;9;2023;4.59333
249;11;2020;2.57333
249;12;2016;3.36129
250;1;1988;12.5968
251;1;1988;11.629
251;1;2007;10.9161
251;3;2013;7.16452
251;3;2014;7.92258
251;8;2015;7.01935
251;11;1986;5.95667
380;1;2019;3.58065
380;2;2019;6.15714
380;3;2019;4.8871
380;5;2019;5.37742
380;6;2019;3.84
380;6;2020;5.01
380;7;2021;2.42258
380;9;2023;4.64
380;12;2021;2.37742
252;1;2018;4.61613
252;1;2019;4.19355
252;1;2020;5.01613
252;3;2014;8.35806
252;4;2018;7.81333
252;5;2019;5.84194
252;7;2012;3.98871
252;8;2015;4.62903
252;8;2016;4.66452
252;9;2023;6.6
253;1;2007;10.3581
253;2;1991;9.225
253;2;1996;8.26305
253;2;2003;9.15714
253;3;2014;7.17419
253;4;2018;7.10333
253;8;1992;4.4871
253;8;1993;4.82903
253;8;2015;5.06452
374;1;2019;5.00968
374;2;2019;5.56071
374;3;2019;3.8129
374;5;2019;4.55806
374;6;2019;3.64333
374;6;2020;4.15667
374;7;2021;2.44839
374;7;2022;2
374;8;2021;2.29032
374;8;2022;2.34839
374;9;2023;4.77571
374;10;2022;2.21613
374;11;2020;3.36
374;12;2021;3.41613
368;3;2011;2.91613
368;4;2021;4.79667
368;5;2011;3.26452
368;5;2022;3.90968
368;7;2011;2.59677
368;8;2021;3.33871
368;8;2022;3.56452
257;1;1988;10.1484
257;1;2007;8.37097
257;2;1966;9.39286
257;3;1977;6.68387
257;3;2014;7.49032
257;4;2018;6.48667
257;5;1969;5.18065
257;5;1970;4.93871
257;8;2015;4.59032
257;9;1976;4.30333
257;9;2023;4.97333
259;1;1988;11.4871
259;1;2007;10.5677
259;3;2014;7.57742
261;1;1988;12.4
261;1;2007;11.6419
261;3;2014;6.88387
261;10;1966;6.08065
265;1;1988;12.6097
265;1;2007;10.2903
269;1;2018;5.64194
269;2;2018;6.13214
269;2;2019;5.81429
269;3;2018;5.04516
269;3;2019;4.17419
269;4;2018;8.27
269;6;2019;4.34667
269;6;2020;5.03667
269;7;2021;2.73548
269;8;2022;3.15806
269;9;2023;5.72
269;11;2020;3.31
269;12;2019;2.16129
269;12;2021;2.61935
271;1;1988;12.4452
271;1;2007;11.429
271;3;1977;6.39355
271;3;2014;6.59355
273;1;1963;10.6065
273;3;1962;6.86129
273;3;2014;7.50968
273;4;2018;7.27
273;5;2019;5.25806
273;8;2015;5.82903
273;8;2016;4.60968
273;9;2023;5.21333
273;11;2012;3.47667
273;12;2011;6.62258
275;1;1963;10.6323
275;3;1962;6.43226
275;4;1966;3.38667
275;7;1963;3.40645
275;8;1964;2.07742
275;9;1962;2.81333
275;9;1963;2.95667
275;10;1966;4.86452
275;12;1970;6.28065
279;2;1966;10.3286
279;3;1977;6.80968
279;7;1994;5.73226
279;11;1985;5.74667
279;11;1986;5.11333
283;1;2007;11.7194
283;2;1996;9.10788
283;2;2003;9.25
283;3;2014;6.64194
283;5;2019;5.13548
283;8;1992;4.75806
283;8;1993;4.8129
283;8;2015;4.81613
283;8;2016;4.64516
285;1;2007;8.62903
285;2;1996;7.35099
285;2;2003;7.15
285;3;2007;5.33226
285;5;2004;3.7129
285;6;2004;3.22667
285;7;1994;4.96774
285;7;1996;4.24194
285;11;2001;6.09667
285;12;1997;5.33871
285;12;2001;5.3
285;12;2011;5.3871
287;1;1963;11.0645
287;2;1966;9.31429
287;3;1962;6.8129
287;3;1977;6.06452
287;5;1970;3.67742
287;5;1971;3.63548
287;7;1963;2.89355
287;10;1966;5.76774
293;1;2018;5.23226
293;1;2020;4.49677
293;2;2019;7.35357
293;3;2018;5.50323
293;3;2019;5.44516
293;4;2018;7.06667
293;5;2019;4.62258
293;6;2019;3.80667
293;6;2020;4.20333
293;7;2021;1.74516
293;9;2023;5.31667
297;1;1988;11.1484
297;3;2013;9.44604
297;3;2014;10.5331
297;4;2018;7.57333
297;7;1994;5.2871
297;8;2015;5.71935
299;2;1966;7.89286
299;3;1962;6.43226
299;3;1972;5.35484
299;3;1977;6.16129
299;7;1963;2.96452
299;9;1976;3.87333
299;10;1966;5.37742
301;1;2007;10.6194
301;1;2018;8.13226
301;2;2003;7.72143
301;3;2007;5.74194
301;3;2014;6.58387
301;9;2023;4.56
301;11;2000;4.94
301;11;2001;5.12667
301;12;2011;6.23548
305;3;2014;8.06774
305;8;2015;5.65484
305;8;2016;4.48065
305;9;2017;3.00333
305;10;2017;2.8926
305;11;2011;2.87963
305;11;2012;3.35667
305;12;2011;5.21935
307;1;1988;10.3484
307;2;1991;7.14643
307;2;1996;7.75566
307;4;1998;4.38333
307;7;1984;5.14516
307;7;1994;4.36452
307;7;1996;4.11613
307;9;1987;3.06667
307;9;1990;3.24333
307;10;1995;3.9
307;10;1997;3.29032
307;11;1988;5.23333
307;12;1997;5.89355
309;1;1988;9.41935
309;3;2014;7.63871
309;8;2015;5.9129
309;12;2011;6.23548
311;1;2018;7.82581
311;3;2013;5.25161
311;3;2014;6.60323
311;3;2018;5.32258
311;3;2019;5.27097
311;4;2018;5.89333
311;5;2019;5.5871
311;6;2020;4.07
311;7;2011;4.41936
311;8;2015;5.58387
311;8;2016;4.66774
311;9;2011;2.88
311;9;2017;3.3
311;9;2018;2.73333
311;11;2011;3.96667
311;11;2012;3.8
311;12;2011;5.71935
315;1;1988;9.83871
315;1;2007;11.3355
315;2;1966;8.475
315;3;2014;7.02258
315;5;2019;5.96129
315;7;1984;5.66129
315;10;1966;5.38387
315;12;2011;6.39355
317;1;2018;5.1
317;2;2018;6.55357
317;2;2019;7.3
317;3;2014;8.54516
317;4;2018;6.98667
317;5;2019;5.68387
317;6;2020;4.41
317;8;2015;6.19677
317;8;2016;4.93226
317;9;2017;4.92333
317;9;2023;5.75333
317;11;2016;3.58
323;1;2018;7.52581
323;2;2021;5.4553
323;3;2018;4.95806
323;3;2019;4.8871
323;5;2019;4.3129
323;6;2019;2.56
323;6;2020;3.16
323;7;2021;1.87097
323;9;2023;3.67333
323;10;2022;2.62581
323;12;2021;2.43871
325;1;1988;10.1194
325;2;1996;8.5383
325;7;1994;4.80323
325;12;1997;6.36774
331;2;1966;7.63929
331;3;1962;6.14839
331;3;1977;6.11935
331;6;1979;3.34667
331;8;1976;2.63871
331;10;1966;5.95388
333;1;1988;11.7194
333;4;2018;6.91
333;7;1994;4.28065
333;8;1992;5.11935
333;9;2023;4.95
337;1;2007;10.6323
337;1;2018;8.64194
337;3;2007;4.98065
337;3;2014;5.9
337;4;2018;5.90333
337;5;2019;4.65806
337;6;2020;3.69
337;8;2015;4.26774
337;8;2016;4.29355
337;9;2023;4.32333
337;11;2007;4.23667
339;1;1988;12.1677
339;1;2007;10.1161
339;2;1966;10.8393
339;4;1983;5.51667
339;4;1998;5.54667
339;10;1966;6.10323
339;12;1997;6.27097
339;12;2001;6.90968
343;1;2018;6.62903
343;3;2014;8.40645
343;4;2018;7.40333
343;5;2019;5.65161
343;8;2015;5.93548
343;8;2016;4.81935
343;9;2023;6.03333
345;1;2019;4.23871
345;2;2019;6.03571
345;3;2019;4.82581
345;5;2019;4.62258
345;6;2019;3.45
345;6;2020;3.71333
345;9;2023;4.20333
345;11;2020;3.16667
345;12;2021;2.14194
345;12;2023;1.89355
346;1;1988;10.6935
346;1;2007;11.3548
346;2;1996;9.39039
346;3;1962;6.55806
346;3;2014;6.69677
346;5;2019;5.73226
346;10;1966;5.62258
346;12;2011;6.80968
351;1;1988;12.0613
351;1;2007;10.2387
351;2;1966;9.74643
351;5;2019;5.23548
351;10;1966;6.03226
353;2;2021;3.51502
353;3;2023;2.42581
353;4;2021;2.45667
353;6;2021;1.6
353;6;2023;1.34
353;7;2020;3.6379
353;8;2021;2.25484
353;8;2022;2.57742
353;9;2023;4.29667
353;11;2020;3.63333
353;12;2021;2.71613
355;1;1988;12.0065
355;1;2007;10.1
355;2;1966;10.0429
355;5;2019;4.97742
355;10;1966;6.13226
357;2;2021;5.1931
357;2;2022;4.21429
357;5;2019;4.37097
357;6;2019;3.46
357;6;2020;3.95
357;7;2021;2.0871
357;8;2022;2.36129
357;9;2023;4.44667
357;11;2020;3.24667
359;1;2019;4.4
359;1;2020;3.90323
359;2;2019;6.84643
359;3;2019;4.19355
359;5;2019;6.08065
359;6;2019;3.8
359;6;2020;4.23667
359;7;2021;2.36452
359;8;2022;3.28065
359;9;2023;5.72333
359;10;2018;4.92405
359;11;2020;2.60333
359;12;2019;2.20968
359;12;2021;2.32581
361;2;2021;4.78941
361;2;2022;3.59643
361;3;2023;2.82903
361;4;2021;3.8
361;6;2020;3.92
361;7;2021;2
361;7;2022;1.50645
361;8;2021;2.13226
361;8;2022;2.25484
361;9;2023;5.08
361;11;2020;4.18
361;12;2021;2.62903
363;1;2020;4.31613
363;2;2021;2.63177
363;4;2021;4.79
363;5;2022;3.72903
363;6;2020;4.26667
363;7;2021;2.14839
363;8;2021;3.02903
363;8;2022;3.07419
363;9;2023;5.68333
363;10;2022;3.13226
363;12;2019;1.5871
363;12;2021;1.86452
365;1;2019;4.76129
365;2;2019;5.93571
365;3;2019;4.15161
365;5;2019;5.62581
365;6;2019;4.15
365;6;2020;4.83333
365;7;2021;2.76774
365;8;2022;3.04516
365;9;2023;5.51333
365;10;2018;2.13226
365;10;2022;2.53548
365;11;2020;3.53333
365;12;2021;3.06452
367;1;2018;5.79032
367;2;2018;5.92857
367;2;2019;6.45357
367;3;2014;7.31613
367;4;2018;6.29
367;5;2019;4.62581
367;7;2021;1.87097
367;8;2015;4.55484
367;8;2016;3.70323
367;9;2014;3.03333
367;9;2017;2.95333
369;1;2019;4.55806
369;2;2019;5.57143
369;3;2019;4.16774
369;5;2019;5.49355
369;6;2019;3.71667
369;6;2020;4.14
369;7;2021;2.34194
369;8;2021;2.70968
369;8;2022;3.05806
369;9;2018;2.27667
369;10;2018;1.98065
369;10;2022;2.62258
369;11;2020;3.67
369;12;2021;2.68065
371;1;2019;4.97097
371;3;2019;3.80323
371;5;2019;4.03226
371;6;2019;2.83
371;6;2020;3.19
371;7;2021;2.45484
371;7;2022;2.06129
371;8;2022;2.12903
371;9;2023;3.87
371;11;2020;2.89333
371;12;2021;3.01935
373;1;2019;4.4
373;1;2020;3.90645
373;2;2019;6.76071
373;3;2019;4.09355
373;5;2019;5.86774
373;6;2019;4.27333
373;6;2020;4.75
373;7;2021;2.49032
373;8;2022;3.17419
373;9;2023;5.94667
373;10;2022;2.9871
373;11;2020;2.89333
373;12;2019;2.10968
373;12;2021;2.58387
375;1;2019;3.53226
375;2;2019;6.20357
375;3;2019;5.12258
375;5;2019;5.10323
375;6;2019;3.94667
375;6;2020;4.83
375;7;2021;2.16774
375;9;2023;4.31
375;10;2022;2.23871
375;11;2019;2.60667
375;11;2020;2.93333
375;12;2021;2.39355
377;1;2019;3.68065
377;2;2019;6.25714
377;3;2019;5.06774
377;5;2019;5.30645
377;6;2019;3.84667
377;6;2020;4.85
377;7;2021;2.22258
377;9;2023;5.16333
377;11;2020;3.09333
379;1;2007;10.1484
379;2;2007;6.45
379;3;2007;5.72903
379;4;2007;1.57
379;7;2006;2.63226
379;7;2007;2.60968
379;8;2005;1.84839
379;8;2007;2.07097
379;9;2007;3.32333
379;10;2007;2.12581
379;11;2006;3.62333
379;11;2007;4.58667
379;11;2008;3.75
379;12;2006;3.62258
379;12;2007;3.74516
381;1;2019;3.64194
381;2;2019;6.16429
381;3;2019;4.8129
381;5;2019;5.42581
381;6;2019;3.23
381;6;2020;4.28
381;7;2021;2.29677
381;9;2023;4.24333
381;11;2019;2.64333
381;11;2020;2.72333
381;12;2021;2.52903
383;1;2019;3.62581
383;2;2019;6.02857
383;3;2019;4.88065
383;5;2019;5.2
383;6;2019;3.80333
383;6;2020;4.78
383;7;2021;2.29355
383;9;2023;4.24333
383;11;2019;2.64667
383;11;2020;2.80333
383;12;2021;2.36774
384;1;2019;3.41935
384;2;2021;5.90567
384;3;2019;5.00323
384;5;2019;4.64194
384;6;2019;3.75
384;6;2020;4.48667
384;7;2021;2.3
384;8;2022;2.45989
384;9;2023;4.29667
384;10;2022;2.45806
384;11;2019;2.42
384;11;2020;2.07
384;12;2021;2.21935
386;1;2019;3.65161
386;3;2019;5.13871
386;5;2019;4.93548
386;6;2019;4.12
386;6;2020;4.88333
386;7;2021;2.50645
386;9;2023;4.17
386;11;2019;2.74667
386;11;2020;2.81333
386;12;2021;2.45806
388;1;2019;3.57742
388;2;2019;6.23214
388;3;2019;4.97097
388;5;2019;5.14839
388;6;2019;4
388;6;2020;4.95667
388;7;2021;2.21613
388;9;2023;4.62
388;11;2019;2.65
388;11;2020;2.92
388;12;2021;2.48065
390;1;2019;3.43871
390;2;2019;6.21071
390;3;2019;5.08387
390;5;2019;5.22258
390;6;2019;3.94
390;6;2020;4.98
390;7;2021;2.22258
390;9;2023;4.86667
390;11;2019;2.50333
390;11;2020;3.17667
390;12;2021;2.45484
392;1;2007;9.80968
392;2;2003;7.66997
392;3;2014;7.42903
392;4;2009;3.68333
392;4;2010;3.63667
392;6;2004;3.02
392;9;2007;3.45333
392;9;2011;2.98667
392;9;2014;3.39048
392;10;2004;4.78065
392;11;2007;4.71667
392;11;2011;4.09
392;12;2011;6.43226
396;1;2020;4.59677
396;2;2021;2.79606
396;4;2021;5.30667
396;5;2022;3.54194
396;6;2020;4.87667
396;7;2021;2.3
396;8;2021;2.78387
396;8;2022;2.57742
396;9;2023;5.90333
396;10;2022;3.07742
396;12;2019;2.59677
396;12;2021;2.53871
398;1;2020;5.36129
398;2;2021;2.28744
398;4;2021;5.24667
398;5;2022;3.61613
398;6;2020;4.66333
398;7;2021;2.17742
398;9;2023;6.17143
398;10;2022;3.34194
398;12;2019;2.54516
398;12;2021;2.78065
400;1;2019;3.74839
400;3;2019;5.19032
400;5;2019;4.79355
400;6;2019;4.02
400;6;2020;4.66667
400;7;2021;2.27097
400;7;2022;1.72903
400;9;2023;4.50667
400;11;2019;2.88
400;11;2020;3.11333
400;12;2021;2.45161
400;12;2023;2.4871
402;1;2019;4.20645
402;1;2020;3.47419
402;2;2019;6.53571
402;3;2019;4.28387
402;5;2019;5.71935
402;6;2019;3.9
402;6;2020;4.39667
402;7;2021;2.3129
402;8;2022;3.23871
402;9;2023;5.71333
402;10;2022;2.90645
402;11;2018;3.73667
402;12;2019;2.18387
402;12;2021;2.4129
404;2;2021;2.68842
404;4;2021;3.44333
404;5;2022;3.86129
404;6;2020;4.84333
404;7;2021;2.23871
404;8;2021;2.86452
404;8;2022;2.44516
404;9;2023;6.11667
404;10;2022;2.59032
404;11;2020;3.53333
404;12;2019;2.25806
404;12;2021;2.28065
406;1;2018;6.48065
406;2;2019;6.91786
406;3;2014;7.67419
406;4;2018;6.5
406;5;2019;5.08065
406;6;2019;3.79
406;6;2020;4.61667
406;8;2015;5.32581
406;8;2016;4.32903
406;9;2023;5.00333
406;11;2020;2.92333
406;12;2016;3.65806
410;1;2007;9.44516
410;1;2018;8.12903
410;2;2003;7.76786
410;3;2013;5.59032
410;3;2014;6.23226
410;5;2019;5.60323
410;8;2015;5.4129
410;9;2007;4.24
410;9;2010;3.70333
410;9;2017;4.32667
410;9;2023;3.61333
410;11;2006;3.46667
410;11;2007;3.79333
410;11;2016;3.65333
410;12;2011;7.58065
412;1;1998;5.10968
412;2;1996;7.37352
412;2;1997;6.16281
412;3;1997;5.41935
412;4;1998;3.36333
412;5;1997;2.12903
412;7;1996;4
412;8;1996;0.464516
412;9;1999;3.94667
412;10;1997;4.46129
412;12;1997;5.55484
414;1;2007;10.3097
414;1;2018;7.83226
414;2;2003;7.94643
414;3;2013;6.2
414;3;2014;6.60968
414;3;2019;5.33548
414;5;2019;5.48387
414;8;2015;5.52581
414;9;1999;3.91333
414;9;2007;4.33333
414;9;2017;3.84667
414;9;2023;3.83333
414;12;2011;8.32581
416;1;1983;9.47742
416;1;1988;10.0065
416;8;2015;5.77097
416;10;1966;5.1
416;11;1994;5.99333
416;11;1995;5.24667
417;1;1988;9.11613
417;3;1962;6.55484
417;3;2013;6.98065
417;3;2014;7.20323
417;8;2015;6.17742
417;11;1994;5.80333
417;11;1995;5.24333
418;1;2007;10.2
418;3;2013;7.06774
418;3;2014;7.87097
418;8;2015;5.83871
418;11;1994;5.93
418;12;2011;8.72903
420;1;2019;3.52903
420;3;2019;5.2871
420;5;2019;5.86774
420;6;2019;3.72
420;6;2020;4.91
420;7;2023;1.54194
420;9;2023;3.88667
420;10;2022;2.44839
420;11;2019;1.38333
420;11;2020;1.18667
420;12;2023;1.99355
421;1;1988;9.2871
421;1;2007;9.66129
421;3;2013;6.92258
421;3;2014;7.60968
421;8;2015;6.10323
421;11;1994;5.78667
421;11;1995;5.25
421;12;2011;8.00323
422;1;2007;8.54194
422;1;2018;7.07742
422;2;2019;6.47143
422;3;2013;7.38387
422;3;2014;7.87742
422;4;2018;6.38667
422;5;2019;5.45161
422;5;2022;4.7871
422;6;2020;5.18667
422;8;2015;6.1
422;9;2007;4.74
422;9;2017;5.10333
422;9;2023;5.5
423;1;2007;9.54194
423;3;2013;7.08387
423;3;2014;7.62903
423;8;2015;5.94194
423;11;1994;5.91333
424;1;2007;9.66452
424;2;2007;5.99643
424;3;2013;6.89355
424;3;2014;7.43871
424;4;2009;4.87
424;4;2010;4.1
424;5;2004;3.45806
424;5;2013;3.48387
424;6;2004;4.10667
424;8;2015;5.47419
424;9;2007;4.91333
424;11;2006;3.38333
424;11;2007;4.04
424;11;2016;3.49333
424;12;2016;4.59032
426;3;1962;6.51613
426;4;2021;4.77333
426;5;2022;4.53871
426;8;2021;3.35161
426;8;2022;3.49355
426;9;2023;4.83333
428;1;2007;10.3258
428;3;2014;6.87419
428;5;2019;5.83548
428;7;1994;5.4129
428;10;1966;5.81935
428;11;1994;5.52333
430;1;1988;10.5581
430;1;2007;8.84516
430;2;2003;7.90714
430;3;2014;6.86452
430;5;2019;5.75806
430;7;1984;5.26129
430;7;1994;5.02258
430;8;2015;4.95161
430;8;2016;4.57097
430;9;2007;4.09667
430;10;1966;5.69677
432;1;1988;8.79677
432;1;2007;8.04516
432;2;1966;7.69643
432;2;1991;7.63929
432;2;2003;7.65714
432;3;2014;7.77097
432;7;1994;6.3871
432;8;2015;5.38387
434;2;1966;7.975
434;3;2014;7.52903
434;8;2015;5.11613
434;8;2016;4.94516
436;1;2018;7.50645
436;2;2021;5.33621
436;2;2022;5.00714
436;3;2018;5.23871
436;3;2019;5.07097
436;4;2018;5.65
436;5;2019;5.73226
436;6;2019;3.29
436;6;2020;4.19333
436;7;2018;2.2129
436;9;2017;4.44667
436;9;2023;4.50667
438;1;1983;9.43871
438;3;1962;6.30645
438;3;1977;5.52903
438;5;1970;3.15161
438;5;1980;3.46452
438;5;1981;3.25161
438;10;1966;5.72903
440;1;2018;8.63548
440;2;2021;6.19532
440;3;2018;4.94516
440;3;2019;5.24839
440;4;2018;5.12333
440;5;2019;5.35806
440;6;2020;3.91333
440;8;2015;4.56129
440;8;2016;3.97097
440;9;2017;3.84333
440;9;2023;3.79333
440;11;2016;3.40333
440;12;2016;4.64194
444;1;1988;10.3935
444;2;1966;7.86786
444;2;2003;7.98214
444;3;2014;6
444;5;1992;5.32903
444;5;2019;5.82258
444;8;2015;4.9871
448;1;1988;8.89677
448;1;2007;9.85806
448;2;1966;8.625
448;2;2003;8.78571
448;7;1984;5.02581
448;7;1994;5.17742
450;1;2007;8.81613
450;1;2018;7.42903
450;2;1991;7.875
450;2;1996;8.39002
450;2;1997;6.75074
450;2;2003;7.94643
450;3;2013;6.02258
450;3;2014;6.81935
450;5;2019;5.87419
450;7;1994;5.68065
450;8;2015;5.82258
450;11;1994;5.81667
450;11;1995;5.35
450;12;2011;7.37742
452;2;1987;6.075
452;3;1987;4.43226
452;4;1984;2.69667
452;5;1987;4.36129
452;6;1986;2.08333
452;7;1984;5.15161
452;9;1987;3.21667
452;10;1985;1.87742
452;11;1985;3.79333
452;11;1986;4.33
452;12;1985;4
454;1;2007;10.1903
454;1;2018;8.76129
454;2;2003;9.16786
454;3;2013;4.85161
454;3;2014;5.16129
454;3;2018;4.7
454;3;2019;4.68065
454;5;2019;5.09677
454;8;2015;5.43871
454;8;2016;4.68387
454;9;2007;4.21667
454;11;2006;4.08667
454;11;2007;4.27667
454;11;2016;3.79
454;12;2011;8.19677
456;1;1988;9.3
456;1;2007;9.02258
456;3;2014;9.26774
456;5;2019;5.92258
456;7;1984;6.00968
456;7;1994;5.71935
456;8;2015;6.10968
456;11;1994;5.55
458;1;1983;9.34516
458;1;1988;9.28065
458;4;1983;3.36667
458;4;1984;3.07333
458;5;1987;4.74194
458;5;1992;5.45484
458;7;1984;4.63226
458;7;1994;4.49677
458;9;1987;3.44667
458;11;1994;6.15
458;12;1985;3.50968
458;12;1993;4.15806
460;1;2018;8.07097
460;3;2018;5.21613
460;3;2019;4.86129
460;4;2018;5.62333
460;5;2019;5.38065
460;6;2020;4.11
460;8;2015;5.79355
460;8;2016;4.4
460;9;2017;4.42667
460;9;2023;4.52667
460;11;2016;3.7
460;12;2016;4.76774
462;3;1977;5.79677
462;4;1974;3.16667
462;5;1969;3.04516
462;5;1970;3.24516
462;5;1971;2.85484
462;6;1971;2.85
462;7;1977;3.50968
462;9;1976;4.14
462;11;1976;2.71
464;1;1988;7.84194
464;5;1987;5.54516
464;5;1988;5.10645
464;5;1991;4.99355
464;5;1992;4.95484
464;7;1984;5.23226
464;11;1986;5.42667
466;3;1972;4.69677
466;3;1977;5.28507
466;4;1971;3.01333
466;4;1974;2.97
466;5;1969;3.17419
466;5;1970;2.70645
466;5;1971;2.96774
466;6;1979;3.61333
466;11;1976;2.68667
470;1;1963;8.15161
470;3;1962;6.99032
470;5;1970;3.48065
470;7;1963;3.05161
470;7;1965;3.07097
470;8;1972;2.60968
470;9;1973;4.16
472;1;1963;8.26129
472;3;1962;7.09355
472;7;1963;2.97419
472;9;1962;2.78333
472;9;1963;2.5
472;10;1966;5.16452
474;1;1983;8.61613
474;1;2007;10.1355
474;3;2013;7.07097
474;3;2014;7.3
474;8;2015;5.1871
474;11;1994;6.34
478;1;2007;7.63871
478;2;1991;8.09643
478;2;1996;7.79926
478;2;1997;7.3064
478;2;2003;6.86786
478;2;2019;7.4
478;3;2013;7.7871
478;3;2014;8.6871
478;8;2015;5.29032
478;11;1994;6.77333
482;1;1963;8.38065
482;3;1962;6.96774
482;5;1965;2.87419
482;5;1969;2.73226
482;5;1970;2.9129
482;9;1973;3.97333
482;10;1966;5.47097
482;12;1970;9.90276
484;1;1983;8.93871
484;1;2007;10.3387
484;2;1991;8.90714
484;2;1996;8.17586
484;2;1997;6.91515
484;2;2003;8.11429
484;3;2013;7.31613
484;3;2014;7.9
484;7;1984;5.1
484;8;2015;5.45161
484;11;1994;6.03667
484;12;2011;8.83871
486;1;2007;10.6258
486;1;2018;8.65484
486;3;2013;6.79032
486;3;2014;6.85161
486;5;2019;5.44516
486;7;2011;4.13871
486;8;2015;5.30323
486;9;2007;3.91667
486;9;2010;4.68667
486;9;2016;3.68333
486;9;2017;4.45667
486;11;2006;3.44
486;11;2007;3.06333
486;11;2016;3.4
486;12;2011;8.26774
488;3;1972;4.39355
488;4;1974;2.86
488;5;1969;2.76452
488;5;1970;3.23871
488;5;1971;2.97742
488;6;1971;2.58
488;9;1973;3.62
488;9;1976;3.53333
488;11;1976;2.88333
490;1;1988;9.26129
490;1;2007;9.63871
490;3;2013;6.6129
490;3;2014;7.48065
490;5;1992;5.75161
490;5;2019;5.87742
490;7;1994;5.66129
490;8;2015;5.32903
490;10;1966;4.80968
490;11;1994;5.82
492;1;1983;9.58387
492;1;2007;11.1323
492;3;1962;6.92903
492;5;1987;4.41935
492;5;1991;4.34194
492;5;1992;4.68387
492;5;2019;4.98387
492;6;2004;4.78667
492;7;1984;4.91935
492;7;1996;4.52581
492;8;2015;5.31613
492;10;1966;5.99355
492;11;1994;6.02
492;12;2011;8.77419
494;1;1988;11.3774
494;4;1983;3.73667
494;5;1987;4.4871
494;5;1991;4.62258
494;5;1992;4.68387
494;6;1992;3.77667
494;7;1984;4.76452
494;11;1986;4.8
496;3;1972;4.32258
496;5;1969;2.87742
496;5;1970;2.90645
496;5;1971;2.52258
496;6;1971;2.14333
496;8;1972;2.54516
496;8;1976;2.52581
496;11;1976;2.89
498;3;1962;6.38065
498;3;2013;6.45161
498;3;2014;7.34194
498;5;2019;5.38065
498;9;1976;5.22333
498;11;1994;5.58
500;4;1966;3.06333
500;5;1965;3.31613
500;5;1966;2.6
500;6;1965;2.57667
500;7;1967;3.09032
500;8;1964;1.96452
500;9;1963;1.6
500;9;1966;1.68
500;9;1967;1.75667
500;11;1963;5.62174
502;1;1963;7.95161
502;2;1966;6.91786
502;3;1962;5.77742
502;5;1965;2.7
502;5;1966;2.48065
502;6;1965;2.53333
502;7;1963;3.19677
502;8;1964;1.4871
502;9;1962;2.47667
502;10;1966;6.22258
504;1;1988;10.6548
504;1;2007;9.52258
504;3;1962;6.22581
504;3;2013;6.12581
504;3;2014;7.35806
504;8;2015;5.15161
504;10;1966;4.96129
504;12;2011;7.76452
506;1;1988;10.6871
506;3;2014;7.90968
508;3;1977;7.24839
508;11;1994;6.20333
510;1;2018;5.77742
510;2;2018;6.08214
510;2;2019;6.18214
510;3;2018;4.51613
510;3;2019;4.26452
510;5;2019;5.77097
510;6;2020;3.78333
510;8;2015;4.64516
510;8;2016;4.69677
510;9;2023;4.19667
510;11;2016;3.68333
510;12;2016;4.82581
512;1;1988;10.9032
512;3;2013;7.17742
512;3;2014;7.62903
512;8;2015;4.7129
512;8;2016;4.40323
512;11;1994;6.34667
